61
53
10000
1146 15 23
1030 5 47
254 7 36
1235 26 13
118 27 30
1022 21 29
675 9 35
1167 11 8
209 3 33
924 21 48
546 2 37
975 11 6
1440 24 40
1420 14 39
808 16 15
682 17 52
600 19 30
4 18 43
16 29 25
871 15 36
79 13 45
151 23 35
27 20 30
60 4 31
1075 6 29
47 11 39
452 14 14
1097 10 19
409 25 12
524 14 10
1428 22 37
1361 25 1
469 21 37
1213 26 45
399 4 9
700 16 10
1290 9 45
1197 4 3
206 22 29
397 13 36
314 21 38
629 31 25
1069 8 3
641 4 33
444 15 2
76 2 45
319 25 34
802 1 10
702 12 19
1237 20 19
1278 25 14
1191 23 40
1149 28 28
1185 23 22
256 16 32
909 4 50
1333 6 48
344 5 26
693 15 28
436 27 36
1050 31 36
1320 31 34
756 15 46
996 17 5
1142 24 32
553 15 4
1100 10 8
642 7 34
1321 15 35
857 6 32
363 27 35
178 7 24
1008 26 6
438 29 36
1393 24 1
589 4 5
1396 23 11
117 31 32
746 23 13
409 15 23
610 10 6
196 3 45
1144 29 13
215 3 16
902 22 2
117 27 10
839 20 50
950 31 37
1081 16 1
337 27 10
119 3 26
1405 28 4
656 30 18
174 22 30
716 20 34
1283 26 21
600 16 32
1027 17 36
245 12 1
168 8 19
770 9 28
1345 12 10
1229 22 47
856 10 14
793 6 16
846 22 5
157 30 39
35 18 39
319 12 48
689 14 37
561 25 51
68 30 27
903 30 41
374 15 5
847 20 6
681 20 38
1135 24 26
390 16 8
946 26 25
1241 2 41
469 16 11
933 8 52
1367 8 38
421 26 19
834 2 32
962 29 9
808 10 15
1077 31 21
176 25 32
1354 9 8
21 18 50
634 19 44
997 25 34
774 19 18
248 26 9
1335 13 41
1401 2 28
325 31 53
208 4 4
194 11 37
1077 23 2
478 28 15
150 29 18
35 30 48
747 25 35
600 10 49
685 21 36
316 9 30
1351 6 31
742 7 40
1302 1 51
177 28 21
1088 12 49
242 6 29
787 11 14
258 4 50
88 9 14
1093 9 27
256 29 34
941 30 25
772 22 2
446 30 27
641 17 39
1302 12 29
746 25 9
710 17 7
1150 25 44
1011 22 50
813 14 36
620 25 40
775 7 5
931 19 8
640 1 18
44 10 7
978 29 4
945 17 14
1378 15 19
903 7 38
270 9 15
642 1 33
227 9 21
934 3 10
252 12 7
1048 8 11
1226 18 16
457 26 1
1074 9 28
694 21 29
610 17 19
339 29 3
624 28 19
654 8 29
1224 26 13
607 21 34
439 15 9
204 4 48
905 13 46
723 28 31
131 17 23
1389 7 40
304 7 8
922 25 46
1039 4 4
1433 17 48
606 4 49
463 21 45
263 9 30
1270 30 44
171 14 33
1282 25 40
933 31 47
473 16 43
32 15 49
664 17 43
288 16 25
117 13 39
340 18 25
749 2 24
843 21 47
297 2 52
754 30 22
1410 31 34
931 12 6
76 30 42
385 25 48
398 14 50
868 5 39
128 15 27
333 24 11
1411 11 51
870 17 21
903 3 34
310 18 53
254 1 38
790 12 25
439 1 43
464 24 1
1201 1 6
1324 30 41
737 30 52
511 14 24
882 31 8
1064 9 48
1201 14 31
26 22 31
626 22 8
284 2 38
794 3 33
1128 8 23
734 1 15
570 15 37
229 15 10
1026 19 4
1117 30 38
620 17 5
680 10 17
1092 7 14
849 31 3
591 9 41
157 11 48
1408 30 35
1292 7 28
789 7 31
1207 8 41
527 3 27
1348 18 35
1040 28 14
359 12 3
721 15 39
956 12 31
1344 14 50
766 3 52
341 4 30
1339 18 30
254 19 29
249 13 41
1167 5 41
927 5 8
385 27 5
1173 25 31
538 21 41
919 3 7
914 4 21
1048 24 24
565 18 46
1166 18 53
324 3 42
1136 10 40
56 13 14
99 29 34
319 19 39
1209 15 53
21 15 21
689 23 45
260 7 30
1398 17 35
160 20 23
1362 16 19
329 27 49
11 27 40
1289 7 18
821 19 17
870 3 3
548 19 10
862 18 21
122 14 41
426 3 35
1131 16 2
228 24 32
1124 29 9
1094 17 16
288 9 24
42 30 5
477 27 35
33 13 23
957 30 1
1114 14 35
246 21 26
363 6 27
861 8 3
1315 8 3
1416 27 29
402 30 2
173 28 46
1346 14 13
293 9 52
85 27 18
1108 10 38
1253 26 47
1359 1 18
638 9 27
1011 3 48
93 11 1
1168 6 23
765 11 11
730 15 36
286 25 2
1325 25 22
1083 28 23
1302 26 35
471 4 5
971 30 15
1078 13 5
284 26 4
1210 10 49
1026 27 18
618 17 51
120 21 34
350 20 52
1251 10 15
478 31 37
1389 27 41
416 4 13
827 5 45
88 10 48
693 31 31
622 31 53
108 13 40
455 18 50
1175 20 32
664 6 25
1421 1 14
1148 16 26
373 24 28
70 26 37
1408 10 16
305 6 48
1102 21 10
672 4 6
944 18 43
1129 5 17
698 2 7
130 2 3
175 10 47
672 9 25
1245 4 4
332 15 23
824 16 25
705 19 12
1114 12 45
1373 28 27
468 2 7
907 29 35
1044 26 22
1054 24 34
849 18 12
558 10 14
64 9 46
258 20 19
866 12 20
1194 20 33
1112 9 45
1405 20 4
1047 30 47
693 6 21
847 7 10
231 25 21
728 23 19
361 27 6
1373 31 43
584 24 44
1105 25 30
480 21 44
896 29 38
995 11 51
1011 11 16
70 22 5
1339 29 17
1417 1 39
801 23 1
423 23 18
1170 18 20
649 3 20
9 26 22
6 22 18
110 27 16
332 21 31
972 28 12
236 8 21
333 12 1
1336 28 32
1139 3 15
258 24 39
496 20 41
413 11 17
550 20 33
290 13 51
68 2 33
94 28 9
1215 15 48
1009 22 36
636 1 38
995 20 46
621 23 24
898 3 19
890 22 35
1183 22 17
64 8 53
143 19 53
705 30 25
484 7 17
1111 21 4
1192 7 47
1353 8 3
590 17 34
802 15 19
823 12 37
893 22 35
552 26 4
170 5 52
1416 23 31
417 1 41
352 31 3
662 30 44
989 6 45
646 6 42
293 11 20
291 30 8
322 6 6
347 27 13
205 17 35
432 30 6
1223 4 43
847 15 48
752 22 14
907 7 40
199 9 35
482 4 25
1009 16 24
560 21 3
1227 1 34
1428 23 3
1381 24 44
889 22 35
167 18 23
280 11 7
659 17 28
966 24 24
269 5 25
175 8 20
910 26 36
412 11 20
1046 31 3
1410 6 44
802 6 3
1350 17 34
467 10 36
1011 30 12
865 16 18
93 16 5
223 16 31
832 15 51
909 7 15
477 4 51
532 5 47
1177 12 10
99 22 26
1301 18 2
84 5 46
912 29 50
1162 10 45
52 7 6
1383 3 27
1107 10 24
1081 26 22
138 19 23
1011 13 53
487 1 51
938 2 24
727 7 14
51 29 22
742 14 17
365 13 5
220 31 30
1065 28 4
860 3 19
742 15 31
752 4 41
255 17 32
1325 23 53
15 13 20
527 16 19
490 20 19
534 16 52
1384 5 10
1007 6 47
1174 15 5
945 13 22
618 11 7
442 24 30
37 31 13
917 18 26
367 21 42
545 30 42
445 3 16
276 17 15
142 15 51
1070 16 3
828 15 17
715 7 30
767 3 20
704 7 28
714 5 14
1287 15 13
396 2 2
440 23 46
312 19 9
339 10 2
756 5 16
640 20 6
97 21 22
381 18 17
1046 23 38
1019 7 33
1064 14 18
1109 27 49
443 26 1
336 23 21
887 8 3
1125 11 33
969 25 8
495 20 22
933 26 38
1415 8 26
357 9 10
1382 4 33
1147 30 49
704 10 43
513 15 49
156 25 26
154 11 42
795 16 28
415 27 37
781 29 25
1427 31 3
598 21 46
295 9 38
946 25 22
1107 29 41
672 2 1
1141 3 31
74 13 17
1392 12 19
498 27 20
913 17 15
1268 3 52
1168 15 25
188 31 25
619 29 8
561 30 16
480 5 1
1157 23 22
328 3 11
900 16 31
1154 6 32
903 27 46
153 27 20
562 24 48
1025 17 17
887 8 47
121 14 9
824 13 25
1241 24 6
800 29 38
520 6 46
666 29 3
410 20 25
866 24 35
1121 24 52
766 6 5
1213 21 44
1038 1 43
776 9 37
798 21 23
339 13 4
27 29 49
812 5 16
471 26 31
1132 20 10
1089 9 29
449 7 13
431 10 38
663 7 26
1222 1 38
1056 13 3
924 22 21
802 3 42
482 6 18
567 2 23
52 24 35
1194 2 51
1220 27 29
1067 27 21
707 31 12
113 3 34
407 6 51
1379 26 51
579 5 33
150 1 44
745 9 11
624 16 3
514 13 6
1210 31 1
950 8 50
725 15 41
492 21 23
652 27 25
612 26 52
542 6 42
396 22 8
466 31 9
1261 25 18
1173 13 44
1024 4 52
139 24 29
407 4 37
132 25 44
918 1 1
722 20 25
950 3 23
62 11 37
1043 19 51
1127 8 17
1128 15 38
328 8 16
704 31 7
787 7 1
877 29 40
1234 2 29
353 6 35
1217 18 25
793 13 48
1027 30 14
872 22 15
253 11 4
1137 29 42
689 20 33
667 4 7
1015 8 44
742 30 14
773 27 18
50 26 3
213 11 40
1013 24 51
1034 10 52
67 18 18
1056 9 35
338 3 51
661 12 14
444 17 38
397 6 5
486 20 34
1093 22 24
728 25 42
178 9 48
1325 6 20
1195 11 11
906 11 35
370 28 9
543 13 39
329 26 11
1398 20 12
644 25 43
671 29 2
1061 8 50
505 9 1
1135 16 12
536 24 11
1204 23 1
182 10 20
155 31 15
1283 18 51
301 26 16
433 16 49
909 7 40
721 19 10
546 31 40
315 13 6
1366 15 38
846 25 23
909 8 14
950 22 45
189 5 23
370 10 41
1005 30 42
386 2 36
956 15 48
901 7 44
442 15 15
116 31 4
1272 31 39
1061 13 29
1068 31 15
1159 30 16
703 3 50
305 9 30
84 16 41
1107 21 6
1032 28 19
951 19 2
727 15 19
351 18 3
1 2 53
1250 17 13
115 3 27
1047 31 14
298 30 20
1176 29 47
1270 31 47
890 20 45
1218 21 23
57 6 21
375 13 7
290 9 46
562 16 35
396 12 42
250 24 37
18 1 35
1380 12 40
29 1 34
1376 14 17
1193 11 30
336 9 2
877 13 28
1104 29 48
265 15 30
1260 18 13
1260 4 42
747 17 6
1216 22 46
1169 26 31
174 26 46
331 17 6
79 7 34
449 2 21
961 4 12
1244 4 36
801 3 28
1006 26 2
1280 15 33
917 25 48
1026 28 43
1160 30 33
819 11 38
1387 12 11
1081 10 39
758 11 9
1359 23 30
41 26 10
197 6 22
349 24 36
339 1 53
430 22 9
1005 16 38
586 3 34
881 11 31
1163 9 18
1198 24 42
1 10 27
1223 29 26
88 2 13
889 11 52
726 8 37
166 21 1
933 19 41
602 23 30
660 5 53
1061 3 3
1130 17 48
1015 19 14
166 8 53
1428 21 35
536 13 15
134 20 33
367 14 29
605 9 37
378 26 19
1323 10 27
446 22 25
18 26 43
1037 16 36
1033 13 51
237 30 30
1200 12 1
261 6 43
368 15 25
1150 9 20
341 1 23
237 12 35
1133 26 48
925 16 37
37 6 20
871 19 27
1376 6 36
1061 9 21
24 28 24
1270 16 3
684 25 46
1238 31 32
674 1 42
461 1 29
670 15 13
441 27 48
10 20 46
1039 15 34
642 9 45
755 6 22
490 2 7
1239 29 6
142 16 26
14 17 1
1245 30 49
1055 3 4
947 29 24
1210 7 29
842 28 8
739 3 1
673 21 14
1192 29 21
1343 8 50
1223 22 4
52 8 19
377 31 9
76 15 10
1324 27 8
211 23 35
647 4 10
179 6 44
1363 4 53
1169 25 45
1274 3 30
153 18 10
1130 22 45
1256 13 52
589 2 10
1111 2 10
663 7 11
271 15 9
143 30 40
1370 19 3
583 28 51
793 24 35
1077 27 14
1161 31 6
759 28 21
767 14 45
841 24 11
82 24 19
987 10 30
1192 26 16
322 3 48
87 16 21
609 13 38
319 22 25
1234 14 5
227 21 46
285 23 3
822 16 25
1189 2 52
1433 4 46
801 1 10
765 14 52
1240 20 11
281 8 3
1010 23 29
59 21 27
210 7 22
289 18 25
785 30 10
692 31 52
1221 3 19
125 21 26
656 10 29
392 22 14
981 30 1
180 7 8
993 25 44
1168 5 52
1436 16 49
711 31 3
840 18 40
539 14 6
642 8 53
52 22 53
324 31 22
1033 10 11
232 28 45
1322 26 7
961 25 47
944 26 38
681 27 34
713 5 35
1362 26 45
113 14 30
1221 27 51
244 23 14
566 22 38
896 10 4
1025 5 22
712 14 21
786 11 27
205 13 25
322 14 52
1257 22 39
1201 18 1
1354 6 18
29 29 38
296 9 51
894 17 7
1115 18 35
176 14 40
413 20 8
766 6 38
790 25 17
693 2 5
1417 7 37
659 30 42
1307 24 1
129 24 37
691 1 19
1340 5 45
740 20 53
1240 10 53
438 10 52
1087 25 40
375 9 51
1300 15 16
1364 18 20
217 12 39
656 25 21
996 5 12
569 26 39
1411 25 7
699 21 34
1332 22 2
873 23 47
877 26 48
370 1 26
778 11 23
1415 2 25
704 15 18
26 29 11
624 26 3
802 27 26
195 16 1
305 18 24
210 4 24
237 9 52
8 5 27
1139 22 41
394 10 40
415 10 9
56 31 42
323 24 45
837 5 4
829 26 32
843 7 15
286 26 32
760 22 32
6 21 37
880 24 26
1361 16 26
429 6 7
715 6 39
1230 17 50
1259 29 33
1108 23 25
1036 30 49
1173 19 6
850 22 26
1245 23 37
864 5 39
590 18 47
1087 20 7
516 30 26
18 25 35
1275 8 14
13 15 31
1338 9 36
963 17 31
79 1 2
797 14 23
929 25 17
903 28 50
363 14 40
1101 25 6
66 13 28
213 10 17
883 6 40
900 27 42
423 27 33
1071 1 51
877 19 6
29 18 51
686 12 13
1076 17 46
900 25 5
139 5 33
527 31 24
1364 2 20
819 19 10
1309 28 20
552 4 12
657 13 52
745 19 15
90 24 26
407 28 26
1111 22 38
1 25 31
907 5 33
72 17 15
393 18 7
583 20 39
157 23 35
496 7 42
277 22 41
423 5 49
1112 12 13
329 2 48
1241 15 17
1142 17 13
1109 12 53
835 31 18
1268 2 37
5 20 35
71 21 53
804 13 40
1387 31 36
723 28 13
431 11 28
1140 21 25
596 19 25
413 21 9
1239 20 13
999 14 38
399 13 42
1087 15 47
732 7 48
106 9 14
491 29 25
336 19 48
323 3 3
509 16 40
238 16 51
1166 8 39
1196 16 44
1189 12 1
946 10 43
441 22 29
280 5 26
1380 8 10
20 28 2
550 23 10
756 20 42
124 21 47
976 5 9
492 8 7
592 5 6
170 13 3
429 15 5
30 25 16
450 25 27
241 30 50
20 23 47
248 29 17
794 1 12
387 25 52
766 20 21
1379 5 44
1041 25 25
1003 1 12
254 10 13
286 18 11
121 9 9
621 8 3
104 28 8
694 6 9
55 27 47
854 30 43
1054 29 48
281 2 49
1346 6 34
1132 7 10
800 5 31
1035 21 1
1350 22 20
26 21 49
623 15 33
7 10 46
746 18 30
463 18 28
600 19 52
35 1 26
244 27 4
1070 2 49
1375 14 26
795 30 39
436 19 52
521 20 51
600 5 37
123 5 1
772 22 9
1243 11 50
618 15 2
792 22 7
1049 26 44
367 26 19
1082 10 51
961 5 8
88 20 20
241 24 22
721 5 39
191 8 36
1067 27 26
447 20 24
803 10 29
1251 12 36
1184 15 16
980 28 42
1117 4 40
894 26 38
855 30 17
178 13 26
108 21 9
671 29 48
499 22 40
670 22 39
398 31 43
508 23 36
158 12 18
764 8 25
323 3 9
1007 3 26
398 14 13
1341 29 41
495 2 1
942 20 12
52 21 2
813 25 12
994 1 45
1015 18 40
1002 2 24
693 9 48
138 10 31
808 26 47
1295 31 45
472 24 41
189 14 30
260 26 11
510 9 29
692 18 19
1063 13 21
556 1 30
1124 6 24
291 7 12
260 1 41
389 20 20
945 6 2
635 17 38
563 23 19
214 6 7
1404 1 19
1402 8 6
1304 7 19
205 28 38
122 21 46
482 24 21
995 1 13
139 7 53
107 6 32
340 21 46
665 26 10
308 5 27
1366 6 12
945 23 21
956 21 37
53 30 26
851 10 5
528 21 12
702 18 1
928 31 3
371 31 8
689 11 45
521 20 6
1196 5 22
43 7 48
996 2 9
373 1 26
525 5 32
739 7 44
682 10 25
969 12 53
80 28 44
687 21 8
77 31 32
1142 28 23
306 16 42
194 4 44
398 26 1
519 10 28
1071 6 10
492 19 22
257 15 36
936 11 38
644 15 13
721 18 21
174 15 46
1134 2 36
216 8 42
1089 8 9
851 29 41
207 13 7
93 11 8
1058 17 51
1410 19 35
1004 30 50
1275 3 17
912 12 42
197 25 28
875 15 31
939 28 18
1434 9 20
1086 19 2
268 1 6
839 16 14
216 18 42
568 12 26
1158 23 40
1004 4 49
808 8 17
6 17 8
744 4 21
120 31 33
1136 6 46
1062 31 1
668 10 9
1235 4 15
1053 5 53
1121 11 17
826 20 49
145 2 48
1043 13 1
1397 10 53
230 27 14
1282 7 45
1400 27 31
763 4 9
1031 24 28
410 25 40
342 18 8
1201 18 49
193 30 42
472 19 38
677 14 51
517 9 15
1396 1 17
1234 4 39
678 28 3
7 22 22
246 6 19
756 22 48
857 17 32
87 30 44
404 2 47
1061 25 37
964 8 41
30 21 33
164 6 26
1066 11 50
940 24 19
923 6 6
82 1 8
500 19 25
436 4 16
699 4 17
969 12 24
721 25 35
175 12 1
655 3 1
67 13 15
447 12 41
1072 12 18
269 4 15
348 16 28
524 13 13
717 20 18
800 21 10
1140 10 4
1222 17 4
894 31 30
274 30 26
817 22 27
290 18 42
102 20 3
569 28 34
1024 1 40
922 4 48
1376 17 25
962 15 6
1091 5 13
562 6 15
1035 7 52
273 25 16
740 28 52
292 4 19
748 29 3
1434 19 42
1018 31 35
345 24 5
755 10 31
1023 26 46
936 15 31
1227 19 53
883 24 19
557 24 40
295 8 21
1201 12 1
1095 5 23
447 31 19
926 23 18
8 15 36
703 10 3
694 23 33
321 3 50
562 4 37
833 17 16
1111 4 34
733 17 4
648 29 31
842 10 15
132 5 48
1073 11 23
279 9 41
359 30 48
834 26 49
713 13 44
942 4 10
600 5 14
533 18 18
1377 4 43
954 13 49
1232 17 14
53 18 47
986 24 27
488 23 8
1077 2 22
597 18 16
443 31 9
555 15 48
616 22 35
1270 18 32
762 27 48
212 20 21
779 19 38
267 14 49
520 23 35
1184 17 32
24 24 34
131 10 5
705 31 25
1221 13 40
243 19 12
1098 6 36
1043 24 22
1329 5 21
1241 24 39
32 7 53
969 27 27
733 11 37
82 9 48
1150 23 1
761 12 28
440 24 10
165 3 24
365 11 17
495 1 45
1261 10 11
473 8 29
995 21 39
973 5 46
374 28 42
290 23 45
673 17 38
855 13 2
107 20 37
465 22 47
44 2 8
99 7 31
1401 14 14
1258 11 4
852 18 24
1357 12 2
1256 25 32
121 24 2
629 7 6
541 11 18
1287 6 9
548 1 13
702 12 50
723 8 22
357 21 1
209 19 10
865 16 22
882 22 50
15 22 29
275 18 25
232 28 52
1403 16 41
471 17 8
1325 11 8
486 3 51
611 17 38
1208 5 33
399 14 44
1256 5 53
64 15 9
191 27 4
617 6 15
991 27 6
916 7 34
592 19 11
348 7 52
152 25 1
912 16 15
1351 27 37
1063 30 3
410 31 24
528 12 19
1039 31 2
932 26 5
969 5 37
1251 24 32
305 27 32
109 1 38
112 17 42
233 31 31
958 15 45
1397 3 22
912 7 53
514 1 40
1203 31 2
590 23 50
1334 7 32
513 11 36
804 20 24
190 10 52
1219 12 46
500 19 26
85 24 39
211 14 36
157 11 42
911 23 6
536 14 33
467 6 45
644 17 31
508 29 22
1402 17 26
1105 23 35
1351 25 16
873 24 46
146 18 17
231 13 14
1397 25 3
539 3 26
816 28 32
1155 22 29
42 1 41
1130 2 25
282 26 6
1298 16 51
784 8 47
150 11 40
690 6 32
246 24 43
552 20 21
1122 25 32
912 19 51
868 16 6
730 23 19
562 9 25
1355 25 7
1035 6 25
945 27 4
1156 1 39
1266 31 9
1316 2 10
1196 1 18
169 24 34
1181 23 36
522 13 16
1085 20 44
1231 2 3
4 2 3
856 11 45
117 31 1
1073 5 40
412 28 39
207 6 51
1141 5 4
1343 19 48
467 17 18
397 14 33
1090 26 21
1123 23 2
910 21 28
742 24 9
313 6 38
495 9 51
1056 19 24
1271 4 50
356 15 27
787 9 19
496 19 14
818 18 23
292 25 5
594 22 16
118 26 37
547 24 48
210 6 45
844 29 50
127 23 15
677 5 53
1091 21 5
757 21 52
335 5 26
125 2 50
1156 17 39
1260 13 33
723 22 41
63 17 3
726 20 33
963 9 27
121 29 39
343 14 35
1268 10 6
1418 2 43
705 31 15
516 6 3
1387 7 29
239 9 42
621 17 53
245 10 8
1420 12 32
312 21 42
480 25 32
153 14 31
351 25 40
159 18 30
1381 20 45
1263 27 5
549 30 5
281 25 46
846 30 36
525 10 7
554 13 23
506 25 14
1376 5 40
1433 2 46
1059 13 30
1174 2 1
1175 30 2
749 5 22
281 18 8
709 5 19
78 21 35
868 30 27
1099 16 47
1051 30 11
949 2 26
810 3 14
286 25 37
828 6 2
1303 13 27
728 21 35
150 19 39
1087 26 5
134 25 37
1310 4 21
1415 18 7
1196 18 9
1324 18 25
940 6 32
1042 3 25
281 2 53
630 15 23
1077 18 27
309 12 46
1106 1 51
650 13 34
748 13 43
580 31 34
540 27 44
667 17 24
46 22 23
1250 4 35
172 15 51
15 7 11
151 26 28
631 24 50
726 10 29
852 8 43
299 14 25
255 5 16
567 10 26
367 4 2
763 24 49
786 7 18
245 11 44
757 8 7
823 3 42
115 19 13
59 18 26
1243 14 7
922 30 21
755 1 28
1067 29 22
936 4 34
209 11 39
1222 16 41
46 13 27
789 18 23
1201 19 47
1205 6 30
1430 19 33
187 9 53
1321 5 18
1377 10 26
270 4 35
1228 14 42
480 29 21
1167 11 36
798 9 17
365 29 29
593 30 39
669 27 11
49 10 10
476 16 30
97 25 32
789 7 14
130 19 52
700 3 49
555 24 16
392 26 42
410 8 50
774 29 4
784 5 22
1126 1 13
216 23 20
23 9 7
145 15 52
628 2 4
800 29 11
1144 27 36
346 5 14
859 29 53
1044 30 14
470 31 22
82 16 34
482 12 26
295 6 7
406 8 4
887 9 52
195 30 21
518 15 3
161 18 20
205 17 3
232 6 40
1264 10 25
955 28 33
702 22 47
238 22 22
1117 1 27
933 11 10
742 30 44
1409 1 20
9 25 20
294 28 52
526 23 21
301 18 43
983 24 41
159 19 16
179 28 23
325 9 35
449 17 29
441 15 31
935 7 22
1053 11 20
1171 11 2
1216 25 40
945 5 38
1250 28 15
1243 20 8
855 4 3
316 11 6
828 22 36
514 7 2
555 19 52
1152 31 53
433 26 7
618 29 53
248 14 3
881 25 9
485 8 27
705 12 1
56 27 48
1292 9 7
121 15 48
1209 22 10
190 19 23
1190 8 13
538 28 25
257 21 41
338 20 3
997 20 6
241 27 17
397 18 10
574 23 5
604 17 33
963 12 35
116 11 2
115 22 45
1335 11 52
1332 10 47
1418 5 22
815 27 47
1304 3 42
1277 10 53
1116 7 45
521 24 32
664 30 40
1060 8 14
899 8 31
1286 22 15
314 12 18
606 8 48
541 26 19
802 31 27
744 4 36
1071 4 19
1126 4 15
1052 8 1
1207 22 7
443 31 34
1011 10 43
108 26 9
1179 31 38
666 5 9
1057 28 48
910 20 21
1040 23 46
300 14 23
584 1 49
779 10 9
1080 23 42
980 19 19
922 28 16
374 31 38
1104 9 45
823 16 21
531 30 29
394 19 50
1396 13 8
860 19 49
1184 31 39
28 13 51
69 31 13
187 17 21
217 6 49
1008 14 19
376 12 26
144 21 36
1185 18 19
636 17 44
405 16 27
1428 11 5
368 16 38
979 10 20
620 18 50
429 23 52
1437 17 25
803 16 20
1211 14 30
326 6 17
648 19 5
740 8 24
38 4 21
511 14 23
1038 31 24
971 26 43
1060 29 32
64 8 34
498 10 50
638 30 30
1260 29 3
1197 28 36
102 21 35
988 1 36
239 10 20
331 8 52
1092 26 52
759 21 32
761 25 47
625 13 53
1180 21 36
1219 19 4
289 30 8
410 31 7
533 13 4
298 30 10
366 30 43
1001 5 39
1399 11 6
932 27 15
1198 30 31
955 29 17
949 28 21
366 1 15
674 10 32
479 21 24
721 19 52
808 17 23
155 6 48
775 17 20
117 13 43
161 19 31
1262 14 12
1179 14 48
474 22 33
923 10 24
1103 28 23
652 16 50
1423 3 19
935 14 26
426 31 51
1095 2 44
1029 18 37
1276 31 14
1342 23 12
523 1 45
307 23 23
1386 26 32
584 25 49
277 2 30
651 16 44
570 9 35
477 30 35
993 6 20
838 11 7
514 27 45
23 29 38
418 26 39
685 24 30
61 15 47
1288 27 10
748 10 15
711 31 5
501 6 11
339 1 39
244 9 15
536 6 11
954 28 21
43 4 37
468 27 49
1135 28 7
586 2 13
528 28 12
610 31 52
630 2 29
313 5 27
335 29 42
573 27 1
1265 10 26
759 18 17
99 15 17
1325 14 23
382 27 43
329 7 13
572 25 21
1379 3 2
1351 24 23
269 11 42
1228 23 50
875 2 24
751 12 15
50 30 51
744 23 36
1143 17 46
1247 28 35
392 26 15
796 23 20
71 28 43
1218 10 14
564 20 21
275 12 23
1434 14 12
516 9 37
1429 20 6
1244 30 23
1346 2 47
1345 27 37
635 27 40
694 15 44
844 3 40
621 15 48
1090 8 50
375 4 17
721 6 53
200 3 5
922 22 10
1076 26 23
1426 18 52
356 13 23
1342 15 13
657 22 17
904 27 3
226 16 33
198 26 13
308 11 51
1345 21 8
760 15 46
619 30 18
284 31 14
1380 16 16
781 21 35
61 9 40
20 15 48
48 29 31
826 20 4
1197 17 24
22 16 22
1006 19 15
878 28 6
1268 2 8
28 3 8
389 14 41
183 18 13
730 26 18
1135 7 3
412 18 38
580 9 29
1124 17 14
220 6 42
327 29 16
1311 3 39
1145 27 48
1351 24 50
568 13 34
617 6 6
38 24 51
1034 16 2
1118 10 21
105 27 10
982 1 43
295 27 45
306 19 13
794 13 41
631 1 22
1221 27 52
1021 13 27
867 28 5
512 8 49
454 24 44
837 29 43
1015 13 52
538 25 49
210 1 53
1204 31 10
372 21 13
791 29 41
1438 18 20
1143 16 47
342 23 42
750 4 31
509 16 30
601 16 23
1204 12 49
1362 19 23
98 31 24
1049 21 24
322 2 25
99 27 51
1013 22 12
925 16 13
874 25 18
38 12 28
1190 30 45
745 4 10
712 12 39
181 24 7
1390 4 16
784 22 3
354 28 46
748 20 45
840 26 34
50 27 21
90 20 9
1051 30 49
419 31 6
928 4 37
92 6 32
1066 24 19
1292 20 31
11 13 1
487 6 44
567 26 19
859 19 12
312 16 51
1227 17 48
229 4 52
791 26 23
438 2 35
542 18 27
238 20 22
115 21 8
180 19 47
792 11 10
935 12 24
712 31 7
980 20 35
896 24 38
621 17 52
815 30 8
624 26 9
763 27 12
995 27 25
1160 25 18
548 25 53
13 2 35
635 18 50
103 30 20
719 19 31
71 5 13
1304 17 11
479 8 36
563 3 30
161 28 52
273 31 38
1126 23 39
49 14 1
785 12 30
244 12 38
87 21 1
704 5 35
959 7 52
819 22 21
895 25 50
1260 26 10
59 29 25
1343 7 11
168 4 50
943 26 50
604 13 29
720 4 45
371 13 6
1310 16 50
1437 4 29
532 27 37
871 1 31
1074 6 34
17 29 16
566 25 28
1315 30 31
845 28 36
869 24 15
795 1 27
1033 7 50
41 16 13
221 30 29
441 20 15
728 1 8
885 3 43
123 3 30
706 4 40
361 5 29
537 20 43
169 12 52
180 13 20
1063 5 38
999 12 46
1127 15 53
1022 17 8
984 30 22
884 12 30
808 12 22
941 9 33
754 4 42
411 29 23
10 27 8
674 17 52
295 31 33
1082 14 31
506 31 5
625 12 29
249 22 11
151 8 33
86 31 10
739 26 10
135 12 10
1084 2 46
602 16 51
950 9 14
355 31 53
1197 13 38
1116 29 52
809 14 37
853 27 39
808 30 46
395 21 28
788 15 34
928 19 41
778 15 51
809 3 35
1038 24 21
840 27 47
65 14 4
653 29 4
281 28 52
996 2 12
1307 17 11
921 11 21
210 9 51
830 13 41
185 16 34
1046 4 24
833 22 14
776 13 24
653 5 17
675 31 40
694 5 37
275 28 34
201 9 22
1289 4 36
1411 28 10
280 13 29
792 7 25
852 7 24
984 9 26
668 27 1
1390 12 6
160 31 42
431 10 8
1097 23 21
1367 15 26
43 8 27
1360 2 3
862 19 1
852 13 6
422 1 10
988 19 23
570 28 2
188 29 22
148 18 30
571 11 27
337 8 13
889 17 47
470 7 24
1049 3 25
446 22 24
662 13 47
421 10 24
1242 18 30
671 10 47
407 15 45
1069 20 47
639 22 30
236 19 32
638 16 12
1041 18 20
48 29 22
948 24 13
869 18 37
17 24 25
800 29 39
1369 24 19
199 5 33
251 12 11
1049 31 8
643 17 49
265 3 31
907 26 34
501 13 21
753 6 12
797 16 46
1325 22 44
754 19 21
363 23 34
683 17 48
1203 6 26
1130 22 2
286 29 49
743 21 43
747 7 4
68 29 38
1247 12 40
811 9 5
18 18 5
952 15 20
493 15 30
145 19 11
212 7 2
332 3 33
1169 10 41
871 21 1
1093 14 14
683 30 41
1076 13 48
875 11 1
659 21 21
1300 24 34
793 21 47
297 12 14
1407 31 44
1303 24 14
1401 14 13
429 2 26
806 24 48
323 5 10
270 5 10
306 19 25
492 14 5
620 22 16
1374 16 3
1313 27 53
1165 15 26
363 28 16
1120 9 25
1006 19 40
1212 12 5
741 9 38
1403 9 35
997 2 18
94 6 7
989 11 45
203 18 41
896 13 5
350 5 22
509 10 11
801 10 40
515 4 2
63 7 32
1063 25 19
1416 11 41
407 9 1
244 31 1
934 18 45
223 30 20
720 21 26
776 19 4
703 31 15
352 30 18
1328 6 39
253 26 31
1058 29 18
649 10 22
492 25 41
494 26 5
697 27 14
971 7 37
1244 10 35
701 16 10
8 26 40
293 1 49
447 23 6
1378 13 19
1232 11 2
765 2 18
1220 20 51
964 4 17
1111 28 45
753 6 36
773 1 22
918 27 11
1331 23 25
789 6 24
541 15 7
1074 7 21
1260 4 32
157 17 49
40 5 44
1236 26 7
1127 9 30
49 24 18
360 9 12
211 25 35
1352 20 35
218 15 38
639 7 3
1124 30 18
670 25 19
1170 17 37
672 11 52
130 19 27
1359 27 14
113 3 10
382 27 8
681 9 32
781 15 3
300 17 9
1199 6 45
271 20 20
1136 25 26
247 20 9
1014 24 14
843 8 44
489 27 41
804 5 45
475 31 8
889 12 36
63 4 28
1226 23 51
116 8 16
1288 15 28
1049 5 1
78 6 30
823 13 31
308 16 26
1084 2 53
689 26 14
588 8 15
1270 27 30
857 24 53
730 14 49
1401 14 32
481 16 43
1140 26 3
800 17 18
893 31 36
794 28 47
593 6 23
1067 21 3
1063 3 26
550 5 19
1296 15 51
683 6 7
922 1 38
210 21 46
801 16 9
1090 8 52
1029 26 49
982 9 20
519 18 44
1334 25 29
1073 15 38
593 2 53
1006 25 19
395 31 14
1340 21 30
650 27 1
1404 26 20
154 24 19
301 14 33
301 19 8
564 26 19
1420 27 15
410 3 46
60 23 44
799 5 11
1198 28 32
715 26 23
792 3 15
190 15 32
1155 23 10
322 25 13
1025 17 24
162 1 50
424 1 7
486 25 2
539 11 1
1343 28 49
1203 31 23
566 9 10
821 24 35
470 19 15
371 6 24
320 6 8
552 30 44
1417 24 16
795 2 48
104 24 26
715 17 41
1264 16 24
189 7 4
691 9 12
266 2 25
299 13 22
472 29 32
1150 8 32
370 15 32
1320 24 12
17 14 10
698 29 24
1314 29 47
1422 29 53
1242 13 38
436 29 28
1401 25 27
356 7 1
165 27 39
801 6 7
1037 25 4
1345 10 39
675 16 32
1044 9 11
740 27 10
890 1 39
945 7 28
1147 9 17
1039 21 9
2 1 16
285 24 53
779 27 16
185 4 31
1388 26 39
561 11 11
220 22 10
1021 12 9
986 18 44
349 16 51
581 17 4
1111 16 46
1325 2 52
1161 23 9
20 3 1
18 16 8
859 13 47
19 1 24
1094 22 23
727 23 38
1197 5 43
801 27 20
208 27 53
1292 8 22
487 12 46
713 19 1
1191 11 36
374 18 48
475 15 17
1402 30 36
1265 19 45
660 6 26
1307 7 33
35 19 49
1140 25 6
699 20 36
686 20 10
19 30 18
1250 2 33
339 30 37
363 7 15
1342 12 3
125 28 19
1147 30 24
344 26 35
1242 10 28
682 15 16
283 25 26
128 28 50
1437 14 35
780 29 20
1392 4 7
1377 9 50
786 26 9
1345 26 38
895 29 28
1231 3 6
1230 18 20
267 9 25
1228 21 10
500 22 23
491 4 9
1184 15 48
150 3 17
43 25 29
879 22 16
1091 20 28
116 11 52
66 27 14
1038 2 11
909 10 29
263 19 21
233 11 19
998 14 41
642 26 21
895 24 24
1166 25 26
105 1 18
1015 15 6
1020 19 48
1001 29 19
786 11 19
981 24 39
861 4 22
103 28 13
921 14 31
1133 9 12
690 10 2
352 28 21
159 28 8
495 9 29
757 29 26
793 10 6
1346 8 27
1423 20 21
1432 15 16
1184 6 26
933 11 53
1428 12 52
357 16 35
1134 6 49
159 13 25
1037 7 48
658 23 48
554 15 13
1409 14 33
694 15 17
803 23 36
117 27 14
521 6 30
236 22 32
19 29 14
379 27 37
585 26 5
151 5 30
794 7 48
908 18 45
842 30 33
1178 5 32
128 26 3
700 11 2
750 9 18
474 7 40
1086 3 51
849 28 22
25 18 7
1391 23 25
913 30 17
863 19 7
1118 29 23
1117 6 53
529 15 37
704 10 15
602 6 47
1222 24 5
4 3 46
1409 22 42
1411 4 31
845 6 28
1381 15 49
1071 28 7
402 20 19
1351 9 30
177 9 38
650 10 42
789 2 37
460 1 29
639 16 22
1352 18 26
948 28 16
1410 16 12
170 31 27
40 21 20
563 26 50
733 4 43
922 28 10
299 4 25
946 3 29
872 22 52
252 1 44
1290 5 38
85 6 22
922 25 23
945 27 28
944 25 25
18 31 12
170 14 46
1271 9 11
812 29 38
1114 11 33
1029 19 12
1152 19 43
366 18 2
1231 27 37
1251 24 14
313 23 42
1430 24 12
1052 17 32
654 4 32
83 21 40
941 10 52
1069 20 43
95 20 48
899 2 16
251 3 42
1056 17 51
938 23 45
837 20 23
829 15 41
1164 9 20
417 19 12
249 23 40
1227 23 35
745 10 38
1390 16 1
162 28 23
81 26 13
1356 29 28
114 15 44
601 2 38
1199 6 36
1311 15 30
677 23 37
928 8 50
292 25 6
314 9 14
49 21 11
1230 16 21
1419 18 24
739 1 17
1069 30 15
1239 29 21
1387 7 1
1257 26 8
361 15 17
868 18 47
44 28 9
100 13 51
220 18 51
981 28 4
57 30 5
441 5 6
1387 3 44
1135 8 11
1368 3 20
961 27 42
240 6 3
1300 30 26
192 23 18
221 2 37
1338 13 23
130 22 45
1266 10 11
278 23 5
966 29 40
1359 26 14
725 13 16
582 17 50
51 3 12
555 16 6
1023 8 1
394 14 34
410 16 33
55 27 22
301 22 6
667 5 10
1208 5 12
1124 17 29
874 28 42
1234 14 17
257 2 17
560 16 41
423 13 9
1185 30 44
832 31 40
109 3 37
411 22 21
737 23 24
400 6 12
680 30 18
862 26 5
539 11 15
1344 11 49
1133 29 36
391 25 13
1148 22 13
689 20 52
1196 30 26
620 19 8
1235 22 37
1130 31 52
736 24 3
1260 13 52
108 25 39
441 28 43
1229 31 6
842 12 16
618 10 37
1338 12 26
1071 25 42
1108 29 1
476 25 48
425 8 50
467 2 49
56 4 28
211 29 31
1010 18 16
1003 14 17
706 31 9
821 20 11
867 13 21
1411 14 51
268 17 42
91 16 45
377 12 14
182 22 25
1272 30 9
825 24 30
10 28 36
671 6 48
960 19 33
686 17 14
34 15 3
1200 18 23
209 27 2
969 13 51
1098 24 51
171 18 49
114 17 49
751 11 42
310 12 5
236 8 41
961 28 8
127 9 9
302 4 49
33 15 40
346 22 1
761 1 15
95 9 4
524 10 28
1224 8 26
721 25 21
175 5 51
1216 30 24
733 30 38
455 14 49
1097 19 42
509 12 39
651 4 16
166 17 8
392 8 14
137 30 13
163 14 5
1363 20 42
753 31 17
993 31 27
859 21 1
306 13 12
339 5 1
1096 26 32
787 11 19
600 11 30
294 8 45
617 15 9
86 21 5
1369 29 33
1070 29 49
588 9 17
321 8 52
1155 7 5
838 24 39
519 19 24
96 2 34
1325 8 50
1071 15 29
169 28 49
1263 11 50
1139 9 11
1280 9 44
878 30 33
910 2 21
1203 3 23
1367 27 6
1152 12 12
1410 31 30
549 29 14
145 30 44
152 8 12
69 4 11
480 13 53
1252 24 2
1126 6 50
1057 9 44
1011 7 5
845 23 46
1248 23 12
1416 8 3
474 26 23
203 7 15
47 21 23
785 26 10
701 10 41
397 11 45
334 31 45
1327 10 42
683 27 42
913 4 12
557 15 49
840 5 37
482 12 19
1245 24 5
1203 20 14
1298 1 29
697 4 15
879 17 3
446 30 15
1087 28 18
95 11 51
558 11 32
1169 6 20
951 31 18
749 8 15
725 30 11
10 1 3
1304 31 9
661 8 3
677 22 13
705 10 39
772 13 1
49 17 26
264 5 24
1039 16 45
533 25 38
136 29 13
104 8 18
861 1 19
920 17 31
907 17 7
371 10 44
1154 9 2
354 24 50
1342 5 38
684 11 46
665 23 48
398 16 19
741 21 20
723 5 26
181 17 44
33 29 23
894 16 14
140 6 2
1214 30 41
399 23 29
402 8 26
461 23 18
1428 25 1
853 29 32
1137 10 3
465 9 4
282 18 1
1191 20 6
537 11 51
205 12 16
995 13 31
600 27 29
93 8 9
795 23 50
1 22 36
1196 26 47
1161 12 11
173 27 34
449 29 19
778 22 26
504 25 28
1271 31 18
1 27 10
553 31 53
212 1 19
209 26 6
947 24 47
578 20 1
396 1 37
592 24 25
1152 2 17
68 18 22
1371 23 2
1089 20 7
756 9 41
893 26 6
1118 27 29
428 8 43
831 4 22
506 23 50
781 30 30
950 10 13
984 30 24
1349 28 47
1243 26 3
943 17 48
599 18 10
1269 24 53
47 11 45
245 23 39
626 7 53
479 21 34
377 12 42
274 14 24
1080 5 43
504 4 40
413 17 46
95 11 24
1402 13 32
556 24 7
748 13 17
87 22 49
887 20 42
957 25 51
431 31 53
671 21 27
637 10 15
1085 13 10
1381 7 32
594 9 14
650 5 8
1382 17 26
527 9 45
1139 30 19
512 6 16
529 12 12
316 31 5
1437 18 31
97 3 43
764 28 44
284 16 32
942 17 21
902 9 38
150 30 24
653 2 41
935 22 35
727 22 53
1367 15 24
880 30 8
1267 3 50
397 31 34
221 7 29
1439 6 35
460 24 35
1121 3 38
1155 16 20
146 28 41
132 3 7
613 8 39
619 6 27
1307 7 37
1226 27 21
550 10 12
607 1 31
44 22 6
548 18 8
766 7 38
813 8 10
1266 18 25
360 22 47
940 5 25
526 16 5
153 6 44
327 18 14
990 26 34
1173 22 38
945 26 1
1095 25 50
1145 24 9
562 8 40
549 19 39
767 10 19
92 12 1
1300 19 46
49 15 17
461 16 40
770 25 42
1043 23 48
1060 1 27
543 25 18
330 15 25
727 18 1
832 2 51
899 28 4
1437 30 49
1008 29 6
480 19 19
727 20 53
1418 23 1
630 1 36
580 22 10
299 23 29
637 11 31
179 14 17
898 7 36
1200 12 22
582 2 33
353 30 15
1200 24 11
365 20 52
929 21 48
543 10 20
1103 13 20
1218 8 20
576 30 34
1294 30 43
459 7 16
518 15 15
707 15 35
469 25 20
670 12 22
399 28 40
157 26 4
974 6 34
280 19 13
658 4 16
507 1 23
1282 4 9
1136 7 47
337 8 30
351 10 42
1005 10 35
1276 16 18
1152 16 24
1254 29 20
195 1 34
832 27 12
761 1 36
17 7 8
259 23 6
1354 20 27
459 26 7
540 29 29
950 31 28
997 20 44
1197 18 11
154 8 29
665 7 45
542 27 24
1261 25 47
175 13 2
1235 21 20
359 21 35
60 19 38
1142 1 42
521 6 15
622 22 46
772 6 30
295 22 48
674 11 33
987 16 36
474 9 33
406 18 20
241 30 41
262 11 8
181 30 47
821 30 2
858 18 38
299 1 1
316 7 14
206 30 35
1176 14 2
242 11 2
744 10 36
358 28 24
191 26 28
210 15 36
1214 13 40
1196 28 26
119 15 41
705 18 44
867 7 44
1151 22 22
758 27 11
662 29 7
1088 30 37
514 16 7
1065 6 24
1199 15 46
384 3 31
887 26 18
898 17 35
191 28 31
682 11 1
89 6 10
971 6 24
1075 16 15
1426 13 18
213 21 1
1240 17 43
141 25 49
366 12 26
2 17 28
905 25 40
757 27 6
1282 28 51
1018 27 24
1427 28 31
122 2 1
518 1 49
2 22 11
1394 2 8
887 17 31
295 31 34
1410 7 36
1048 12 21
356 11 53
167 17 44
432 6 29
404 30 2
1187 28 51
1194 22 26
281 27 9
754 26 15
1372 29 41
1168 10 20
1073 12 33
500 24 6
26 27 18
819 10 4
319 20 16
548 24 13
1418 18 45
1324 24 21
312 17 17
599 11 23
569 19 23
916 30 52
1367 23 19
86 21 52
331 3 7
890 27 29
1372 31 46
1291 9 52
1348 22 25
954 11 50
177 26 17
527 4 37
1422 16 44
289 18 6
645 9 7
869 10 37
1033 24 51
1383 6 25
1173 3 39
997 2 4
1234 16 33
309 15 10
1251 6 21
704 18 9
1161 22 37
825 28 37
181 30 17
601 22 46
372 20 8
262 18 26
450 11 52
1115 12 31
1025 29 13
1225 28 52
156 5 4
840 24 43
1234 20 42
665 13 23
941 15 40
172 21 23
1237 26 45
1295 7 41
3 17 8
459 2 11
414 3 46
237 16 30
46 30 8
587 27 2
820 24 32
1412 19 27
61 28 8
1092 26 40
1190 10 25
26 6 35
903 18 10
974 6 31
360 1 3
398 13 38
462 15 40
1394 13 52
204 19 2
538 30 18
858 28 45
1422 1 29
1436 26 23
879 18 32
1193 27 45
1200 7 35
1431 29 40
637 15 34
1302 28 49
1155 4 18
221 11 32
1198 29 19
1378 4 29
1074 19 44
914 7 39
575 2 18
1369 31 24
1390 15 52
354 8 32
716 10 11
1013 16 42
1262 17 43
558 28 7
1311 21 29
503 16 7
842 25 8
595 29 18
936 27 3
156 11 16
835 31 25
1145 15 2
654 17 30
862 28 36
70 25 46
778 7 11
237 30 34
1144 2 18
601 24 50
315 11 25
934 19 42
1141 14 43
305 7 24
1072 6 47
412 1 4
806 22 7
327 3 38
903 6 38
348 26 24
1245 28 30
684 15 13
331 21 10
642 27 22
786 10 43
929 22 43
20 22 5
32 25 29
948 4 49
135 22 28
183 13 21
1424 30 19
607 4 19
1029 24 24
734 16 14
1014 2 49
241 4 27
1215 5 11
315 1 22
728 13 8
456 2 14
1113 16 46
863 26 44
174 10 9
633 23 14
1385 9 37
339 21 11
460 27 30
900 18 4
71 1 13
39 6 32
1412 3 48
783 11 31
1196 7 29
1109 3 52
795 7 19
475 25 47
551 4 11
1121 26 18
989 4 27
335 12 42
566 11 13
1349 5 38
762 3 44
1365 9 24
169 23 35
1244 23 38
152 4 50
127 19 11
809 11 27
1030 28 17
864 9 23
302 15 52
414 14 44
1393 1 2
939 20 27
1285 18 51
1394 17 39
619 17 42
140 30 7
460 5 38
1302 31 48
1027 9 38
1236 4 21
376 15 52
1373 24 26
1023 17 33
314 23 11
418 15 44
768 19 23
206 27 31
25 20 24
1291 7 7
1144 9 14
1409 22 13
122 15 8
128 12 52
1379 27 23
1077 9 31
1400 2 14
1406 31 11
274 26 7
576 26 47
1264 12 9
1128 4 41
1235 25 38
862 27 5
1267 15 31
374 4 37
513 26 47
1289 24 31
682 19 28
1198 18 21
91 17 35
1200 22 35
1261 18 18
853 9 12
876 17 8
1154 8 29
470 12 37
353 1 17
403 25 3
426 9 29
147 6 17
1019 31 38
1168 25 3
1091 5 37
758 22 25
154 11 43
647 24 12
398 2 10
679 12 47
598 22 13
10 8 12
492 25 44
76 20 50
12 29 36
139 26 28
557 27 40
1130 7 43
607 5 24
203 7 42
1163 7 39
1043 22 47
1314 17 52
1109 12 27
61 9 33
923 25 34
1419 14 15
91 12 53
266 13 13
1141 16 6
1206 7 5
910 13 53
215 9 31
947 26 10
740 4 4
206 19 16
1358 26 5
907 11 24
359 29 30
1417 5 46
827 22 43
1361 1 16
412 4 7
670 27 29
192 15 52
576 13 34
849 3 37
1117 26 9
1436 25 22
172 17 47
1249 9 18
679 12 46
486 4 6
668 15 12
735 6 5
978 18 19
285 7 22
461 22 52
640 16 39
1251 2 51
196 15 51
68 27 53
638 4 27
1242 11 27
1330 6 48
534 18 36
1160 24 30
712 27 9
1004 19 43
1182 6 24
707 21 12
1028 11 53
664 18 23
1426 15 17
308 5 13
681 29 9
230 7 50
945 31 53
637 21 40
450 10 35
427 31 15
1211 29 48
27 20 8
15 11 1
862 26 39
80 11 18
1416 20 25
413 19 35
718 11 35
1202 18 32
430 2 41
1417 23 32
159 19 27
495 8 3
1440 7 17
631 4 17
614 9 27
281 16 14
1161 12 24
1284 28 41
201 30 3
578 22 14
722 10 14
220 14 35
664 12 25
1329 17 22
691 20 41
556 10 6
465 3 29
338 14 29
1415 18 6
1044 8 41
1232 11 21
1194 28 53
177 9 45
1226 22 14
1117 25 46
689 15 1
250 28 40
1173 14 15
1329 28 12
1066 25 53
1028 29 29
1197 5 19
416 13 18
1265 22 19
684 16 36
1410 2 33
326 13 34
731 3 5
1003 29 49
11 2 39
668 22 35
956 23 17
1005 26 7
694 7 48
318 11 36
1387 7 4
828 7 46
632 20 40
6 26 6
736 5 1
531 11 34
1213 7 28
447 21 36
1052 4 7
519 6 14
785 6 32
1255 23 15
1083 27 30
487 6 32
1135 22 6
40 10 53
530 29 25
626 20 38
751 29 44
71 29 27
311 8 3
196 25 7
857 16 27
885 23 15
1173 28 5
950 24 48
643 18 8
837 16 49
1067 18 32
180 27 21
1256 25 10
672 10 31
95 23 11
343 28 32
1403 15 2
876 24 17
1317 30 31
540 31 51
1306 28 2
544 20 22
197 11 39
129 28 34
414 18 50
751 6 22
135 30 18
1055 25 5
412 7 7
464 21 8
1345 25 24
871 8 16
1285 24 4
676 8 22
1263 24 22
1337 24 12
1079 29 19
303 14 14
344 28 13
1414 13 45
1196 7 52
1154 8 28
277 14 27
1139 2 22
273 27 45
606 27 4
572 8 14
786 12 19
1367 4 3
273 23 12
810 9 18
168 2 30
266 26 9
738 8 13
972 15 14
478 18 42
1308 31 32
1430 6 5
274 17 28
252 26 25
995 18 26
1261 21 16
75 17 27
175 3 14
1414 7 18
983 31 34
513 8 12
1353 4 10
1038 5 43
862 5 4
1317 30 30
672 14 30
1295 13 29
1040 19 37
423 26 32
1268 21 39
1048 21 27
290 12 38
760 25 3
740 3 15
866 26 34
752 21 5
1411 7 53
1286 20 10
105 8 40
183 29 9
177 26 9
31 4 6
1392 24 8
585 6 12
1233 8 32
1243 11 21
582 4 26
979 22 20
329 1 14
1436 25 25
472 8 25
101 4 29
786 2 8
1027 14 7
231 26 46
1143 16 51
665 22 7
841 20 31
770 15 47
30 15 52
1061 16 39
925 22 25
1429 19 4
477 11 4
580 10 41
1234 26 28
946 21 11
309 3 10
717 9 34
78 5 40
1063 29 30
673 13 19
967 8 49
520 14 45
145 3 22
1143 8 39
1331 25 3
1380 21 49
889 21 17
440 21 35
722 3 46
1216 19 2
635 2 12
640 24 33
844 4 52
1162 28 4
610 7 22
146 19 4
1034 6 27
1111 1 20
1304 25 43
829 19 48
1217 15 53
125 4 36
569 28 44
1104 8 23
1004 13 26
654 24 39
1125 13 16
1247 5 3
306 17 17
948 16 42
16 12 47
1223 3 12
76 24 3
792 17 2
1088 8 36
1258 3 15
1328 20 50
1108 20 49
481 5 7
917 13 38
168 25 3
117 22 17
1115 22 33
533 30 40
1151 15 4
158 8 23
888 17 7
295 15 12
183 28 36
344 8 40
1354 5 35
84 10 18
148 24 49
328 3 5
1434 9 43
1376 28 11
1100 18 18
913 15 16
247 20 8
592 2 35
769 14 33
475 20 18
959 22 51
1261 7 53
910 10 25
135 7 48
379 25 10
321 3 42
1347 6 50
205 30 9
1199 5 45
523 11 25
964 4 2
511 4 36
1070 26 26
810 12 35
53 6 15
663 29 1
580 31 27
1031 13 31
17 22 40
930 12 53
191 15 3
129 22 25
706 24 52
516 6 6
946 29 28
960 23 19
831 18 8
158 13 6
680 26 1
155 5 5
1117 23 5
1251 6 7
1206 20 3
345 19 34
1314 25 49
915 25 40
1209 10 18
126 14 6
667 11 4
730 1 29
539 15 44
1036 13 45
305 4 39
1315 31 53
405 1 51
1134 16 2
952 26 14
924 24 35
1383 24 44
868 22 9
1186 16 37
684 3 50
491 19 20
734 26 14
1273 7 47
544 16 28
251 19 37
628 18 38
718 21 40
1130 29 26
1011 30 35
977 16 43
766 25 2
1234 4 46
19 14 45
864 4 7
487 30 53
1042 21 10
572 22 6
1114 13 7
991 21 31
204 21 33
735 7 35
248 5 4
403 19 30
1411 18 19
1287 7 24
1385 25 27
985 29 6
1254 29 4
956 31 22
482 8 41
1243 4 44
444 24 47
165 27 51
931 29 18
1033 19 51
847 20 31
331 6 11
453 22 21
427 19 23
1303 13 32
490 31 31
254 15 13
1 11 28
1056 14 45
1153 14 40
88 19 1
790 30 3
74 22 10
271 26 18
501 10 18
1353 6 42
392 28 24
1344 2 40
68 6 13
1261 21 47
949 18 42
873 18 6
1040 3 21
328 30 25
995 2 42
1135 16 10
287 20 51
59 31 53
1407 2 45
1173 31 26
65 10 26
223 10 9
849 17 14
503 30 7
559 31 11
223 14 5
1296 26 33
329 15 3
1018 13 20
972 1 1
1418 17 16
794 5 26
145 31 23
38 5 4
1380 19 3
927 10 24
1131 10 42
290 16 47
647 12 17
1132 13 42
194 30 7
906 29 8
995 9 48
1319 2 39
1327 26 43
1038 19 40
1176 29 9
768 22 24
142 26 46
262 8 32
701 6 5
829 25 27
907 11 52
52 12 34
89 29 33
1356 12 30
991 8 41
1007 14 14
975 18 36
1280 24 44
1376 4 36
1355 15 33
655 17 44
874 5 15
154 19 15
958 4 37
885 10 38
970 13 14
1272 8 19
268 19 14
392 16 21
831 2 40
794 31 37
1424 5 34
1036 22 3
1196 23 44
1241 25 31
1210 14 46
1067 10 5
1244 5 25
90 21 50
274 13 6
178 15 23
652 31 16
899 25 46
311 20 42
1045 5 26
709 10 3
126 24 24
1116 15 44
22 29 45
433 11 18
47 6 4
237 7 4
827 19 32
931 8 14
170 3 19
354 28 31
216 4 8
1193 23 52
1312 16 9
191 23 6
54 22 26
535 25 43
586 23 51
873 3 25
943 1 1
141 11 42
229 31 28
212 29 26
1091 20 22
546 29 47
72 13 46
338 19 40
342 3 46
1021 23 36
865 9 7
636 1 27
585 14 25
817 25 29
1125 21 35
445 21 13
1231 28 43
472 8 27
935 25 48
840 24 6
484 27 9
1266 31 13
253 8 9
1171 31 7
386 8 26
919 22 42
763 11 8
639 20 52
409 5 21
654 8 33
741 23 12
776 4 12
430 30 22
609 25 33
525 26 44
115 31 28
288 1 41
1331 22 16
1052 15 47
176 14 19
429 22 11
710 6 41
805 7 4
769 17 40
221 24 13
570 22 10
1162 4 34
232 19 7
847 12 18
1132 5 9
37 13 46
1018 23 9
625 9 39
609 10 23
180 12 11
724 19 8
340 22 25
1389 25 15
1245 13 17
858 5 28
1189 26 49
322 14 38
909 26 9
776 18 44
260 10 26
1288 24 11
870 28 17
1225 21 45
988 25 2
762 10 3
773 27 24
809 23 28
906 9 2
1399 25 13
1345 31 45
720 23 21
164 28 2
1094 29 30
656 21 40
117 23 42
337 8 6
399 21 1
601 5 16
767 27 29
1389 18 49
1278 23 49
983 12 33
439 3 39
1023 30 42
946 3 6
57 14 3
963 6 13
1280 1 49
835 25 49
156 12 46
1210 29 50
883 16 9
567 5 40
857 31 11
917 12 19
742 3 1
468 31 33
242 24 37
1291 2 6
124 21 13
588 18 30
443 24 47
390 18 44
398 28 34
211 20 50
1191 18 13
484 12 47
1132 7 45
1295 29 49
1152 10 15
813 7 34
280 23 29
1033 18 11
93 25 27
952 15 1
360 3 48
162 16 1
719 17 43
999 26 5
502 4 47
963 16 5
826 16 6
709 30 8
1372 1 20
1048 4 16
1265 14 42
1257 16 13
858 9 51
466 19 22
793 19 23
935 11 53
683 22 44
334 29 19
1099 10 34
1001 27 8
915 16 40
1046 13 17
476 15 27
1091 22 17
519 6 50
226 8 9
499 5 32
933 19 45
52 10 35
159 9 27
783 28 22
89 9 2
417 7 48
749 1 23
1050 7 38
472 17 40
128 21 40
268 30 3
377 9 48
336 20 41
564 10 52
593 25 3
867 10 14
944 26 24
686 21 26
40 19 32
1321 25 19
1089 8 11
1062 11 46
441 19 13
875 5 16
1152 13 31
345 5 42
375 2 19
57 17 24
1200 9 5
29 22 35
1214 10 42
69 25 1
697 15 26
515 24 41
822 31 17
337 20 38
395 26 10
592 27 20
279 8 44
862 21 45
627 25 27
1295 22 16
467 31 14
661 18 27
1319 12 5
616 29 24
45 2 35
187 4 53
1084 4 13
320 9 41
1327 25 11
685 14 34
976 23 24
407 8 46
24 17 9
1415 15 3
1053 5 50
1262 30 12
1243 31 37
918 7 35
906 18 5
50 27 40
650 27 20
52 18 50
929 8 27
781 18 24
381 23 18
852 22 17
518 18 33
224 11 20
1429 28 23
1043 9 8
605 22 51
463 17 15
570 21 36
220 13 31
1230 1 27
1308 19 48
113 9 19
266 12 4
358 20 22
761 4 38
175 14 16
439 26 51
647 24 53
437 16 25
24 8 25
1193 15 43
42 4 41
1284 27 27
253 7 5
35 4 51
733 17 2
461 24 49
282 25 16
1362 5 27
14 2 27
990 18 32
908 13 49
864 29 39
241 20 16
1111 6 50
1113 27 36
710 4 4
688 6 2
1356 5 4
267 11 17
66 24 40
1315 14 17
1285 16 20
556 16 14
984 19 2
262 20 25
954 27 53
789 5 22
230 17 1
1228 6 33
565 1 42
1031 1 30
1382 24 44
326 14 17
544 21 38
1117 31 43
151 31 43
295 13 38
125 13 20
1429 24 9
651 28 18
959 4 39
885 25 32
242 5 34
406 10 30
1393 9 51
350 15 46
539 7 23
294 27 50
573 3 28
142 1 6
241 2 53
111 30 13
438 27 27
1198 7 51
1037 22 46
359 30 4
985 23 16
1020 30 47
129 10 4
1043 27 39
1232 8 50
1095 11 5
1411 31 50
998 2 39
95 1 1
277 27 27
1271 28 47
1303 15 15
401 20 16
342 13 33
1255 2 13
268 22 28
891 14 5
41 14 14
279 13 20
1352 12 39
573 6 35
879 8 44
858 30 15
1238 4 35
442 11 12
996 17 28
779 30 16
359 31 29
315 29 34
106 8 19
1216 10 10
1284 23 23
410 10 30
1079 8 8
1075 25 36
1186 19 8
352 5 4
1272 30 15
1269 25 22
20 17 28
944 17 34
413 27 1
80 5 11
945 23 9
1131 11 41
268 4 48
486 9 13
23 30 10
1233 17 51
737 21 29
370 17 30
1079 28 37
435 18 15
1087 21 23
144 3 53
201 5 16
869 15 15
340 20 22
1189 26 14
1111 4 21
1252 14 25
1151 24 49
1214 21 11
76 6 53
51 28 32
1438 16 18
1157 9 39
1354 18 6
155 24 16
615 23 27
832 23 43
1016 11 40
26 14 1
786 16 35
1082 21 16
1250 4 17
558 9 38
205 14 50
1155 10 35
629 18 28
1437 11 21
350 2 25
21 22 16
558 14 15
435 14 6
975 10 39
1091 5 18
293 26 35
1250 17 34
1135 30 39
58 9 27
1241 9 48
1047 29 48
1299 7 40
445 14 27
715 11 46
160 9 48
1049 3 34
422 7 31
250 14 28
478 20 34
663 19 7
951 19 26
505 27 53
732 20 43
808 8 38
851 10 47
411 16 48
70 8 13
1357 28 5
1162 14 25
1112 21 46
1015 4 40
858 28 53
619 15 40
1042 19 12
1288 29 4
840 21 8
54 10 9
1170 5 42
583 21 7
780 3 25
939 4 34
1301 3 13
1162 3 23
862 11 7
1385 8 49
473 21 33
198 12 10
608 25 1
103 24 18
406 8 19
346 17 52
1390 15 30
1058 17 22
1381 9 51
908 14 28
140 13 25
603 22 36
179 21 19
528 17 7
178 6 18
1089 19 1
1112 12 23
531 21 3
589 17 30
1135 14 21
152 13 11
257 3 3
661 22 40
311 23 2
223 30 10
813 14 29
5 31 6
1417 21 33
246 21 10
1220 7 14
1114 2 49
1094 3 11
738 14 24
1234 11 19
1158 20 20
98 3 17
636 8 17
448 25 30
947 5 12
1049 29 50
535 11 44
600 3 47
1002 5 21
788 27 13
830 28 20
798 20 21
1285 9 13
720 10 43
998 25 1
653 11 14
265 25 48
667 10 35
274 9 19
899 7 1
766 3 8
529 9 33
370 8 20
1252 24 15
1333 12 50
1313 26 34
342 16 5
738 5 45
1049 7 47
442 1 11
1138 25 26
813 13 42
868 1 24
786 2 40
321 18 52
150 24 42
1126 25 32
866 29 50
720 13 42
667 16 34
1199 14 29
525 2 38
214 14 6
1286 7 22
277 17 36
1241 11 34
415 12 17
364 12 12
1330 6 22
1069 18 20
944 20 28
473 5 9
898 23 38
554 6 11
339 21 36
223 9 22
150 30 1
702 29 30
473 22 41
772 29 51
880 22 51
1071 26 2
315 7 29
904 3 19
734 13 21
3 18 46
615 28 47
1276 20 16
1382 6 11
858 20 2
1093 3 19
919 2 7
1244 2 30
281 10 1
347 23 10
1355 18 40
1068 26 42
623 3 12
299 10 2
491 22 1
1170 4 7
359 11 1
84 18 9
1366 10 3
195 15 48
744 27 8
334 15 52
154 19 43
854 24 22
88 17 18
896 29 16
231 4 33
821 25 7
709 3 19
754 7 31
222 16 46
1407 17 52
972 20 43
51 9 33
521 30 40
515 6 47
1110 8 39
680 2 7
74 25 3
537 27 52
82 1 30
753 24 36
615 26 16
1413 14 41
1081 19 43
236 15 30
527 30 19
475 24 7
883 2 46
210 11 3
990 4 33
1176 28 51
38 10 47
549 1 23
59 7 23
190 24 34
1062 30 49
98 20 27
194 26 17
420 14 39
49 8 29
893 13 51
618 3 13
830 20 49
923 11 48
1310 25 6
238 20 43
775 23 18
715 19 32
857 21 30
1001 4 44
760 13 30
1306 8 13
1289 25 27
1195 18 51
803 1 31
360 3 42
593 10 45
701 7 14
998 3 9
917 5 17
841 4 41
854 18 52
730 7 17
208 17 12
619 1 48
211 1 39
409 13 22
451 11 4
904 28 32
182 17 3
201 18 34
873 3 22
796 7 34
516 26 49
227 1 49
8 9 40
1043 7 28
670 1 19
962 26 9
582 17 48
771 31 1
583 2 3
880 27 9
238 7 41
551 22 52
927 19 42
653 17 44
1094 22 34
411 23 17
371 8 45
1375 1 52
410 11 15
1046 19 44
690 23 45
192 5 34
611 14 27
882 28 12
984 21 20
501 22 1
397 29 49
839 15 26
324 6 19
1126 12 4
93 3 19
1233 30 36
1080 31 13
149 3 32
544 4 40
632 10 26
1327 18 16
470 19 37
224 21 9
223 15 4
532 13 45
163 7 50
843 17 52
547 1 48
1088 20 36
419 23 48
603 27 1
1179 18 31
1384 18 26
42 20 42
1118 17 47
549 23 11
501 5 21
823 27 49
1305 24 14
250 27 12
1279 2 45
452 15 5
43 21 43
1432 27 35
1261 21 4
53 11 18
1026 15 27
366 1 6
75 28 36
970 31 13
616 12 1
887 8 31
176 25 31
535 9 21
587 8 47
784 7 13
295 24 18
881 19 40
1249 17 40
1134 20 47
727 28 51
108 4 7
184 21 40
48 16 46
815 2 40
29 31 46
1147 18 1
948 19 6
1294 23 14
816 17 26
1173 20 33
189 20 33
3 14 51
1399 21 10
853 22 30
226 2 45
700 29 32
154 24 26
978 23 23
1407 1 32
883 29 9
314 28 52
765 23 53
166 21 4
27 29 21
467 9 22
1283 8 44
803 18 30
1180 19 27
967 21 43
1109 7 28
78 14 20
225 12 27
94 12 20
51 2 21
1222 24 8
619 5 27
265 20 47
783 31 49
315 26 30
997 5 34
362 12 3
1334 21 14
784 12 10
525 17 35
296 27 13
57 16 1
1170 4 34
898 3 9
988 9 23
657 22 35
705 18 9
84 23 38
1027 15 35
764 9 45
864 6 25
461 27 40
968 16 31
1389 19 29
1353 15 17
1162 4 15
341 1 20
980 17 43
1234 15 50
1020 21 13
738 18 43
1385 10 18
435 13 26
251 20 46
491 5 12
155 30 33
1346 3 25
505 6 34
725 25 1
1035 1 39
981 9 12
981 7 46
772 29 23
394 2 3
474 29 5
601 28 48
824 30 46
339 18 12
658 18 6
782 16 43
903 5 42
361 13 41
1409 7 12
272 14 30
1302 20 40
1070 27 42
104 6 11
350 24 11
346 26 5
142 22 1
1184 16 4
929 17 51
259 24 34
566 31 13
588 5 45
857 19 1
655 29 49
434 4 50
1136 30 24
589 26 33
1197 9 33
440 5 6
53 10 19
130 5 46
871 12 46
1145 11 39
1212 10 29
949 28 48
1366 29 37
996 8 18
1136 31 50
1100 8 29
41 5 9
840 14 9
40 14 39
844 13 18
479 21 7
524 23 52
1085 23 3
1089 25 16
17 14 26
905 10 16
656 17 38
691 29 11
1215 30 21
126 11 13
817 23 35
43 21 14
864 11 4
451 13 2
670 1 43
344 26 2
1423 12 49
532 21 9
485 5 12
215 8 18
1290 10 44
691 12 38
1429 8 21
1082 6 53
1339 17 24
1410 21 25
95 29 27
565 17 20
357 19 45
401 22 46
668 9 24
873 28 20
366 31 12
379 20 3
804 25 25
929 10 39
403 11 12
87 26 38
498 9 41
894 13 37
1333 18 26
1210 14 6
1130 3 18
593 15 34
146 5 50
1352 9 22
365 15 44
1400 3 12
134 25 30
348 30 13
499 24 47
1058 5 7
366 18 42
127 23 45
529 13 39
1190 29 8
1184 13 52
1304 27 48
1372 2 29
1018 15 53
862 20 35
991 27 2
611 11 51
437 10 46
473 11 34
919 18 24
1008 27 45
514 7 8
502 7 15
1163 11 18
457 25 39
128 27 37
527 8 41
1230 23 30
1386 18 37
1224 13 1
836 31 36
213 1 30
1123 4 7
204 1 21
694 11 19
1073 21 20
856 19 6
37 22 37
1263 23 33
139 31 48
691 3 53
684 14 22
702 30 21
275 4 44
229 19 1
1273 20 15
1201 5 14
503 25 5
1357 25 10
914 18 52
195 24 53
463 26 6
1394 23 22
18 12 25
517 31 12
867 6 17
1287 22 41
456 23 24
313 25 33
83 16 28
1369 23 31
10 19 44
803 13 1
961 6 45
734 22 6
409 15 11
1161 29 25
1192 21 41
339 22 9
1249 2 36
667 25 21
713 20 31
1059 9 47
1247 10 8
971 30 2
660 9 9
519 20 38
1098 12 33
1396 20 7
756 3 7
802 12 47
1288 28 46
992 21 38
481 11 7
788 4 52
1105 4 21
198 21 5
1398 13 43
41 23 40
133 7 1
217 11 6
871 22 3
1285 29 22
17 27 14
1186 22 12
1077 19 2
1020 23 8
1210 11 20
1274 4 48
1300 14 28
811 17 6
1284 11 45
1357 19 20
164 20 19
790 10 46
360 15 35
226 21 22
813 17 7
1043 26 28
1322 17 30
1079 27 44
1192 22 16
713 17 28
175 16 21
602 18 34
1032 17 50
903 6 15
764 23 45
339 29 6
576 29 8
525 31 16
45 19 6
1244 28 32
1434 21 42
569 10 4
980 7 44
355 5 22
573 31 27
613 31 22
275 29 53
602 16 19
401 2 41
1043 16 47
359 10 30
671 25 8
1002 22 22
370 29 9
247 12 51
1234 7 50
469 15 27
140 31 17
186 3 13
716 14 11
793 7 49
1058 16 15
87 26 11
136 1 6
190 23 9
945 23 7
852 16 3
992 23 50
831 31 31
1094 25 29
1304 12 9
1014 9 22
822 7 11
439 30 42
409 13 24
1295 1 23
155 14 40
144 29 5
1231 16 23
420 14 31
1341 29 27
792 19 5
1284 6 45
1437 18 29
229 7 26
65 20 45
381 28 14
436 30 34
508 21 41
961 15 6
1214 9 25
1288 9 36
757 22 1
1315 6 25
834 20 38
126 4 6
1413 19 35
1349 17 48
1353 16 48
1229 21 53
1115 6 18
175 20 26
771 1 8
954 14 28
1018 19 45
1088 5 24
326 31 37
868 12 11
1361 4 50
883 28 46
159 11 27
804 15 32
413 6 52
637 5 1
415 8 29
991 25 37
93 7 28
734 23 16
1234 27 17
141 5 6
537 30 26
1335 11 15
110 1 26
1027 20 36
815 20 12
1142 19 8
1239 6 21
37 31 46
246 26 31
265 22 46
12 24 7
530 14 1
1279 20 50
1143 31 40
1262 1 47
1115 26 12
1199 29 33
1215 20 2
584 9 21
1208 25 9
456 7 19
6 3 49
873 19 23
146 5 52
1105 19 46
216 18 41
881 30 17
245 5 45
1142 18 7
857 13 28
862 5 9
344 16 3
1001 29 15
798 24 39
267 8 5
363 6 22
331 31 41
604 11 46
287 19 6
1079 15 36
979 25 8
545 26 10
1337 31 53
597 6 20
1011 18 44
1335 8 20
730 24 47
490 10 28
193 7 26
207 15 38
1128 10 40
918 1 33
127 14 18
6 16 10
131 19 8
401 22 47
1193 23 37
1337 7 50
1180 10 9
19 21 41
885 1 5
1341 15 6
186 27 19
170 14 27
768 16 49
649 30 8
393 27 16
961 28 12
799 29 23
728 16 51
160 21 46
984 5 8
587 4 9
1333 5 21
1218 30 32
714 2 3
1380 16 31
632 10 4
1407 5 11
476 12 40
1238 15 29
1102 2 37
1032 3 32
216 25 21
1165 15 16
246 30 27
747 30 36
258 29 21
572 21 2
283 15 8
1011 25 49
1427 4 8
612 5 32
1038 4 35
301 11 38
291 21 29
279 12 9
927 12 23
965 22 1
1241 13 20
1144 7 17
548 18 18
233 28 34
316 29 31
487 3 37
1140 10 47
1290 18 51
51 20 6
1380 31 11
96 7 28
992 31 32
1010 7 42
854 20 38
1239 23 31
470 4 1
257 30 3
492 31 5
591 28 1
985 14 29
1128 4 6
670 2 30
84 14 7
264 25 11
1055 24 27
385 18 30
694 22 41
310 17 34
1166 5 39
186 24 47
518 2 33
761 2 23
1388 26 16
772 9 27
1046 10 18
562 10 27
844 18 39
396 9 15
125 22 22
208 29 47
806 7 5
605 14 25
549 28 35
634 2 44
1183 30 48
389 27 30
495 20 4
73 20 46
6 31 31
36 30 6
703 1 30
302 13 35
361 1 30
180 21 6
830 16 28
674 31 45
600 4 30
419 11 47
176 16 24
616 25 28
997 4 1
859 28 19
687 22 43
28 28 17
1126 17 5
103 15 26
211 12 39
1215 19 4
605 6 10
1265 23 23
1287 13 29
609 27 27
768 21 9
974 1 27
691 11 15
465 19 33
251 15 14
956 8 12
1388 26 42
1237 14 38
924 5 39
605 31 38
330 22 33
291 13 34
311 24 35
690 10 47
334 13 30
1124 17 11
831 16 28
420 12 52
1418 16 16
484 16 53
1251 18 20
1421 6 45
1167 10 17
1008 24 20
1018 16 21
884 5 3
761 9 51
1202 25 39
642 4 23
524 2 49
1344 3 40
69 22 20
1231 25 20
672 24 36
198 6 26
34 15 14
1412 15 22
1152 30 20
802 3 29
363 14 25
3 10 20
1351 28 49
357 18 21
120 10 23
1078 29 14
909 16 30
622 31 3
901 6 20
98 30 43
1306 13 37
1141 30 46
1184 25 13
417 9 31
451 23 48
1365 24 17
976 31 29
1238 28 45
1358 4 10
1305 12 53
819 30 20
1074 15 29
173 21 36
71 15 3
1273 7 20
302 4 27
1328 19 14
19 12 53
1321 23 43
413 30 6
1054 6 51
1190 19 23
1210 18 42
482 1 37
422 12 24
1217 20 7
616 7 14
110 3 47
994 6 19
350 16 42
1351 28 26
1285 29 19
290 16 39
53 25 11
935 12 40
534 12 15
288 20 41
1197 14 8
1290 18 48
328 11 12
1059 23 37
1093 23 35
956 28 11
267 9 9
460 14 42
1070 30 39
493 3 46
81 25 42
371 12 48
641 29 37
205 20 13
925 4 52
982 21 11
1116 18 16
1132 7 42
333 17 6
25 21 36
264 9 10
858 9 40
507 20 8
979 7 21
310 4 35
711 16 12
10 19 49
160 22 24
898 30 49
720 25 7
204 30 37
1321 24 50
343 26 44
661 21 52
385 17 20
277 4 30
250 28 21
66 11 36
33 20 38
340 16 45
1027 7 17
879 12 41
1108 12 36
219 3 22
700 7 35
210 16 36
1246 19 29
830 3 24
954 21 43
1000 31 39
19 27 29
782 28 26
834 4 38
297 6 25
1160 22 49
604 18 20
91 27 52
1110 24 20
666 28 11
803 28 13
285 8 35
1105 2 27
810 12 36
429 30 15
299 8 23
624 12 47
843 15 43
891 2 34
1048 2 10
1321 29 42
579 17 19
364 7 48
568 18 39
137 29 19
312 10 3
1132 11 53
85 22 46
701 3 32
41 20 31
164 2 41
180 17 47
96 2 40
828 7 23
79 5 38
1406 7 3
1128 26 6
333 22 31
133 14 20
17 11 24
453 30 36
684 6 3
1206 29 1
381 12 52
885 24 25
838 27 4
444 15 15
629 10 45
755 9 49
1346 16 38
46 28 5
1264 10 22
867 27 1
547 13 35
1359 17 39
403 3 37
1362 18 16
85 30 22
272 17 35
842 29 13
362 23 52
657 4 42
811 5 24
819 21 53
151 18 11
925 11 52
1122 6 43
763 14 37
443 19 9
250 6 30
468 11 53
81 9 27
776 13 40
1092 18 46
921 24 7
1433 31 46
224 11 1
529 17 12
190 24 14
250 4 13
490 24 17
1428 16 18
1276 18 22
369 27 4
477 16 50
628 26 10
257 19 13
1037 11 13
1233 27 37
1263 6 30
662 2 44
488 4 33
135 2 22
1254 27 51
197 24 34
964 5 27
615 22 33
1027 22 25
1188 28 29
160 31 45
1274 4 26
709 13 31
929 21 49
213 19 1
949 1 34
233 23 3
388 11 44
172 15 19
72 1 31
1227 8 11
1127 13 25
1102 26 10
964 25 52
1225 5 5
584 8 20
1395 11 11
1421 22 52
1310 25 47
461 25 28
498 3 44
455 23 32
99 2 36
1368 30 45
655 25 29
559 22 16
983 3 4
1113 1 5
1138 22 4
1378 9 48
334 25 5
227 3 15
1192 30 31
1010 8 21
1179 3 6
34 4 21
283 21 2
1404 2 19
1078 30 31
488 16 11
562 16 13
1342 28 21
332 8 46
1224 6 53
616 29 30
291 9 43
229 7 24
1186 21 17
462 2 53
366 23 8
837 10 15
333 30 21
631 22 2
180 9 3
953 5 31
601 17 33
1401 17 26
139 8 24
641 8 17
268 22 24
889 25 11
404 4 31
660 6 15
1168 6 24
157 19 5
1289 26 36
1090 19 20
69 29 11
313 8 38
490 13 46
94 30 35
1274 6 43
1320 20 47
572 25 20
162 25 6
1275 25 45
99 21 19
1078 2 30
689 25 9
1009 25 25
164 4 41
1204 17 24
69 6 18
831 18 20
305 6 11
954 10 19
1156 4 14
907 3 9
1153 27 47
87 18 2
526 16 12
641 30 2
383 17 51
326 21 35
300 8 20
715 17 46
1373 7 1
1256 30 1
1341 3 29
432 23 45
81 30 24
1064 7 12
1383 14 21
660 25 6
1245 10 43
473 17 6
178 8 36
1372 4 42
1254 31 46
1383 7 19
66 30 52
1029 6 25
246 31 15
394 18 38
340 2 23
1403 20 32
650 25 36
857 24 27
982 17 27
417 15 23
1297 22 24
318 14 1
1430 20 14
838 20 35
565 23 46
883 25 42
120 4 6
1348 8 12
299 16 26
810 1 22
379 30 10
105 11 30
677 24 1
207 16 25
75 12 45
329 2 22
25 15 27
731 5 42
842 22 49
829 16 20
1337 15 24
1292 1 12
314 14 12
381 18 8
536 17 1
444 9 18
1000 22 4
944 25 15
1070 7 7
592 9 22
312 25 26
978 23 51
105 2 49
454 30 15
380 26 21
460 27 26
174 11 35
705 22 23
772 26 2
479 8 25
383 7 50
678 25 13
726 13 3
620 2 18
734 14 44
585 15 39
30 26 49
537 6 1
827 5 51
647 22 18
570 15 20
748 20 47
1404 3 50
559 30 38
646 2 14
72 16 47
1082 6 38
421 14 52
757 31 20
1387 5 53
1248 14 35
1301 25 13
652 16 2
526 3 16
67 18 48
1413 4 25
618 9 20
1023 5 1
1418 26 45
1278 12 52
371 7 28
1043 1 44
274 24 27
26 1 16
1091 1 44
724 11 37
691 14 2
1167 19 35
88 22 23
666 21 39
5 5 43
810 15 30
1163 11 13
791 22 19
802 13 38
925 25 16
880 28 39
176 19 3
8 2 52
150 18 42
439 27 53
792 5 25
390 14 32
1413 31 20
1318 16 35
881 19 47
157 9 1
887 13 47
487 24 32
992 1 3
224 28 47
1108 15 34
710 31 47
97 5 11
513 17 52
852 23 4
647 8 5
924 25 46
665 12 30
637 25 28
1350 16 38
1016 23 3
337 3 32
717 22 12
944 26 9
1040 29 2
573 25 18
1130 21 43
959 20 15
260 1 9
486 1 47
85 27 29
1338 20 25
458 2 38
273 30 38
820 29 13
421 31 28
478 30 51
41 30 51
443 23 4
1192 11 13
307 22 44
48 23 24
1240 7 36
1044 18 43
101 1 24
1402 19 41
640 1 37
430 24 53
165 14 5
410 18 30
1053 11 22
1254 6 23
50 2 42
990 10 26
1102 3 38
1319 16 51
1082 22 42
1257 24 18
1102 12 12
964 10 46
130 12 43
1170 24 51
178 25 40
1155 19 36
1000 23 51
865 23 27
151 24 21
470 24 48
921 25 28
88 15 26
567 14 22
1031 19 35
1019 4 3
51 2 49
833 16 3
663 15 48
644 3 5
651 14 53
807 21 38
1163 5 33
1139 9 41
1342 17 18
399 11 51
336 16 15
406 24 19
505 23 37
114 10 27
1279 19 32
599 9 14
627 21 29
1086 19 45
376 17 23
863 26 50
515 15 41
734 22 23
376 8 39
652 8 6
204 15 35
1262 4 10
23 9 45
937 8 9
730 20 37
1267 22 22
920 13 1
744 18 18
523 26 29
1429 11 10
378 6 11
373 29 45
807 21 32
669 10 25
557 12 33
1375 22 51
573 10 20
149 5 47
581 10 20
1274 27 9
817 15 46
699 13 48
383 3 13
461 24 33
381 1 31
954 25 34
1230 21 26
614 15 9
973 29 44
968 9 20
1362 23 18
1170 23 21
767 9 40
1218 27 2
965 2 8
539 31 33
348 8 6
857 12 12
62 13 50
1439 28 29
998 22 24
1163 29 38
111 5 18
571 20 22
145 8 1
812 15 27
242 8 51
276 28 27
456 29 6
832 19 22
1137 14 15
893 17 8
870 3 44
389 6 35
1094 1 26
1409 19 44
217 9 41
477 5 53
213 24 7
1084 17 46
480 21 7
1402 24 49
1364 21 2
511 2 17
1009 27 7
963 9 29
914 20 25
799 1 2
188 17 24
266 27 51
1367 25 37
270 31 32
1221 6 30
606 14 19
1205 19 25
842 1 49
875 31 7
577 16 21
156 28 31
581 16 34
1128 31 52
120 10 50
1041 25 36
220 14 44
1180 27 41
734 4 2
1291 9 5
1191 17 38
1362 24 35
186 10 7
142 21 15
1207 17 7
1212 13 29
1013 2 36
157 15 13
69 5 27
897 18 1
685 13 31
374 27 17
1213 30 10
960 18 1
352 25 50
13 23 14
789 21 51
892 20 34
311 26 7
856 18 28
211 18 44
704 12 12
105 17 27
914 29 7
1110 30 2
1434 4 4
1297 4 27
1350 17 50
1412 7 39
1277 11 33
24 28 1
149 19 44
609 23 15
345 16 44
259 10 36
1420 16 49
76 11 33
368 23 5
169 14 7
1408 13 16
260 24 53
741 30 45
1 15 22
728 16 50
876 23 51
608 10 20
1201 23 23
1327 27 1
656 4 33
1260 24 10
389 1 24
1168 11 10
284 29 41
753 30 18
32 11 33
559 7 27
619 25 4
1360 12 8
554 16 19
48 24 52
890 18 8
911 18 18
826 16 20
363 9 49
447 25 25
623 1 18
1015 8 5
305 5 52
923 29 1
1255 2 34
991 17 4
351 25 10
520 5 24
737 23 28
1154 6 41
246 23 34
1395 12 44
404 20 9
70 29 43
466 24 15
600 4 47
931 25 32
29 28 1
4 5 24
960 27 20
782 24 33
382 29 6
824 11 11
1005 29 42
718 27 15
212 25 42
782 22 50
731 27 23
61 14 21
564 31 6
827 15 19
638 7 37
781 14 34
1125 1 5
746 6 44
862 31 39
442 16 25
111 30 12
1210 7 10
56 30 36
231 21 13
1178 29 10
36 23 18
811 10 28
422 30 13
61 25 19
766 29 53
1328 7 19
114 10 34
1070 14 52
881 18 36
377 29 3
1403 2 49
453 28 7
378 12 53
8 5 36
524 9 22
1040 22 12
843 27 37
568 2 10
1402 6 5
44 10 16
1316 27 1
554 11 36
1206 13 19
1214 29 22
988 18 43
719 9 40
235 15 19
371 10 10
28 30 5
774 5 11
753 24 5
885 3 12
598 5 44
289 6 48
345 19 5
162 15 37
28 6 16
1385 6 51
753 9 32
547 16 23
1411 8 8
1140 12 8
377 11 40
833 11 53
105 25 43
267 13 46
1363 4 18
259 19 2
909 15 49
611 17 46
32 31 4
972 16 16
112 29 10
830 13 52
267 4 2
234 6 14
1075 19 15
314 3 14
893 17 9
216 19 46
1340 12 43
117 14 19
1221 16 33
1238 6 16
1054 13 16
48 13 18
881 6 2
454 22 16
497 30 35
455 15 51
6 26 1
1021 16 16
1258 27 14
286 26 10
41 11 36
333 2 24
1181 16 39
580 8 31
892 25 46
263 26 20
1303 27 7
368 18 49
1085 4 52
218 29 26
413 19 43
1205 26 32
581 7 52
439 5 4
1188 24 18
969 13 45
243 31 4
864 23 8
481 14 3
962 26 5
1127 16 51
274 10 22
259 1 50
1219 17 24
719 30 27
592 11 41
110 7 34
745 20 51
1181 18 48
1145 4 30
1407 10 15
275 6 22
1426 22 34
1164 26 16
220 23 43
1344 10 40
285 12 11
358 18 36
115 26 6
493 6 14
961 12 12
284 22 45
1077 27 37
537 20 20
1338 7 21
721 30 10
907 13 2
120 16 50
4 16 40
1034 13 1
800 8 22
913 23 33
469 7 1
706 1 43
785 30 16
16 12 4
1146 19 17
1024 3 18
619 16 52
766 20 20
955 17 4
119 15 14
878 25 36
668 25 27
327 9 16
233 14 43
415 31 6
770 31 51
1010 21 5
1172 4 47
1054 6 2
606 8 36
1284 16 51
840 1 36
469 18 22
903 23 42
404 5 10
257 14 3
236 19 22
280 12 42
1258 19 15
410 19 48
1397 14 48
976 19 26
662 30 22
627 12 43
942 10 13
436 25 26
91 9 49
1224 16 51
1343 29 10
790 22 23
548 22 35
576 21 17
369 19 35
209 14 42
1109 13 21
1364 29 39
1305 13 15
796 3 10
96 1 5
210 16 41
447 29 13
213 22 27
580 18 41
126 10 50
619 4 3
979 17 31
24 23 25
383 1 12
162 25 34
1369 24 24
1436 8 7
354 7 29
16 31 5
137 10 39
639 30 48
1263 10 51
319 15 23
1032 20 6
1292 11 25
647 29 4
1167 17 40
1205 25 52
1162 23 40
1354 15 20
382 21 47
663 11 12
1203 11 33
777 20 33
832 13 8
1227 24 11
250 27 30
952 19 22
128 8 21
471 22 48
768 20 51
508 21 51
615 18 44
1089 2 34
344 17 32
1403 25 20
1189 17 1
21 17 7
593 12 53
676 19 50
156 29 51
738 2 6
6 9 6
1122 12 19
957 30 6
16 10 42
649 6 3
1379 16 37
1390 5 3
1427 9 51
1223 13 22
398 4 2
349 30 36
1224 23 45
1427 6 20
1034 26 51
1378 19 37
511 4 46
321 8 37
1236 4 15
666 22 32
422 29 17
181 8 10
74 21 18
235 16 51
949 10 30
11 20 49
1409 25 35
134 22 9
873 15 51
341 11 39
1330 7 18
138 15 31
224 19 43
1299 21 14
584 5 19
53 2 5
1278 9 11
363 16 33
1399 15 41
694 21 15
1338 24 47
32 26 49
940 10 49
1337 19 27
708 8 39
517 14 36
1387 18 21
724 18 7
838 17 8
440 25 41
1187 5 27
329 21 24
915 10 10
775 14 35
1315 22 50
1177 19 45
435 11 24
869 14 45
1091 4 10
51 25 21
688 18 48
1267 20 48
481 28 27
205 2 12
1012 14 20
1188 12 17
840 1 49
931 19 43
1343 3 35
517 10 13
1272 4 2
221 4 3
207 16 46
874 22 24
835 8 5
1355 31 25
77 18 19
696 10 50
199 24 50
877 31 37
235 18 8
28 16 17
204 25 9
82 13 31
1209 8 49
342 27 43
304 10 35
1190 9 51
1429 31 5
1294 13 22
656 28 52
332 25 28
746 18 12
1066 1 33
308 5 23
1343 15 8
911 3 51
284 14 45
1003 13 12
1292 15 16
608 17 34
997 30 30
1019 5 27
952 8 3
887 19 16
1313 1 21
137 25 17
149 9 3
169 18 1
1235 4 39
367 1 9
665 25 10
1232 10 30
638 21 15
287 29 22
849 25 42
36 8 2
420 18 48
928 2 47
347 1 8
1386 28 51
1033 30 48
663 11 16
1032 26 19
1228 4 24
1214 14 39
1053 4 13
1346 23 17
1337 1 4
510 19 28
699 28 47
1392 26 15
790 10 27
93 18 8
1322 7 44
895 30 46
893 4 26
727 30 27
48 17 50
1389 25 21
1221 14 11
751 30 3
324 11 42
862 4 38
1412 24 34
1428 11 48
312 2 40
69 28 44
887 25 29
520 1 42
1107 1 4
302 4 17
1327 4 5
142 20 47
1035 17 18
847 7 17
924 2 24
1387 22 31
914 29 1
362 6 45
311 25 31
747 5 44
1305 5 16
681 1 38
1280 10 5
416 24 11
16 30 9
726 31 4
86 8 53
345 10 23
1035 18 45
1229 7 4
30 14 12
942 14 46
1114 28 17
869 20 38
816 31 20
699 24 12
903 28 15
1217 30 28
1205 26 40
1058 23 50
1417 27 28
105 7 7
448 25 17
946 24 4
604 5 11
638 16 28
1378 27 22
1421 30 39
1179 23 36
582 1 1
776 30 33
671 14 47
1063 4 47
568 1 26
315 9 36
1103 29 46
890 11 27
714 20 43
1280 5 30
1380 10 16
828 2 38
145 18 27
1216 25 3
405 30 22
719 4 15
639 13 15
1141 11 10
970 11 3
178 19 11
244 3 16
1359 25 27
348 2 1
595 17 1
362 18 13
521 23 9
1272 24 32
461 23 45
125 9 11
1281 21 24
489 17 4
354 5 52
877 15 8
264 31 34
371 29 49
1197 30 27
1036 20 49
859 12 43
407 3 44
405 9 37
663 13 51
931 14 29
948 28 46
419 30 19
1174 4 35
407 14 13
369 11 17
1412 11 4
1054 30 37
211 30 26
1147 29 28
147 13 6
744 24 19
917 17 9
146 8 7
760 1 36
996 19 6
1117 7 17
748 19 36
423 28 30
902 25 49
18 15 3
354 27 40
1160 1 35
1328 8 21
887 31 29
852 17 15
528 18 23
487 23 17
981 31 10
304 2 44
1124 17 32
1142 21 28
1276 31 4
1374 15 42
38 9 33
977 21 12
169 20 22
931 30 34
1275 21 6
1111 30 23
656 13 19
399 15 5
801 30 10
415 11 1
1347 2 38
309 10 8
1007 2 9
810 16 51
896 26 27
222 16 7
182 9 27
139 23 1
183 21 4
1127 22 8
1107 18 24
1292 9 40
200 6 16
1055 3 49
1365 5 15
265 10 30
750 14 15
372 4 3
860 15 37
119 16 48
1153 7 9
680 22 40
213 23 27
257 21 20
180 15 30
868 31 39
967 7 5
34 20 31
408 28 43
284 1 52
1190 22 13
1387 16 45
623 30 50
383 7 29
150 31 30
924 20 26
824 11 35
968 21 26
102 9 48
166 15 9
376 9 35
301 5 9
1057 30 10
511 13 6
933 24 42
878 23 1
391 31 35
357 18 32
762 8 16
1381 28 6
616 19 44
7 31 35
17 12 41
588 22 46
588 12 36
1359 2 24
1182 6 37
1129 24 40
597 20 19
1188 3 12
760 30 53
253 22 9
954 6 47
160 20 8
55 25 34
1095 4 44
720 16 10
1366 20 12
910 12 30
1415 5 6
237 2 48
1373 23 17
475 1 30
1140 28 50
31 6 34
550 8 6
459 6 12
239 16 24
384 5 49
523 9 4
946 1 47
623 18 34
858 31 47
768 23 1
1340 23 38
463 25 2
350 30 38
682 23 41
767 17 48
1317 15 27
1233 8 37
1390 2 25
1049 18 31
851 8 53
184 17 9
860 2 12
257 25 10
982 2 27
375 17 46
648 17 12
1029 16 20
175 26 30
66 17 17
1166 15 30
368 11 31
78 29 2
220 30 28
705 25 40
287 25 10
888 8 48
962 12 9
1196 12 18
894 20 5
874 21 23
981 26 18
1255 22 37
153 14 15
1128 8 32
1173 1 6
757 19 2
1172 26 35
554 27 13
406 21 19
268 25 4
989 22 31
1411 25 44
292 22 39
158 24 43
592 19 49
1220 29 9
546 25 1
1439 29 36
1127 14 33
74 10 17
88 18 34
460 4 19
1384 11 19
970 14 48
461 28 33
848 17 51
503 5 51
5 18 47
155 3 51
1144 24 51
1028 6 34
820 21 21
1181 5 50
1075 23 45
287 14 46
792 23 8
1090 6 51
1204 27 2
979 31 35
513 27 53
396 29 39
1336 27 38
1099 9 45
236 14 32
1363 12 24
332 20 4
684 18 25
455 11 31
326 15 11
1438 3 44
284 2 51
53 8 49
785 28 27
225 8 18
1258 27 23
281 21 39
87 1 32
743 5 18
209 27 31
1265 2 21
348 14 23
213 25 24
648 8 37
1027 9 33
450 20 42
439 15 37
1302 26 37
1134 30 13
756 3 2
294 23 4
1096 3 35
1054 10 7
1244 10 29
1287 19 32
825 9 36
719 27 49
49 12 24
872 7 5
880 29 35
357 29 25
1262 3 39
682 7 13
576 13 20
953 27 21
557 7 51
55 6 17
374 19 16
718 17 29
1104 26 22
61 22 41
516 14 14
232 12 34
1254 16 35
1140 3 20
1271 23 6
1101 18 16
512 23 1
868 7 50
851 31 52
528 22 6
1168 10 44
702 30 2
75 10 41
352 31 34
1054 3 7
1231 18 41
1235 8 16
62 1 38
111 25 44
1439 11 46
985 23 42
1337 19 22
1207 2 22
367 2 47
360 5 38
193 17 2
248 3 26
1105 28 42
767 29 53
514 14 26
508 5 6
219 15 25
1213 10 35
842 10 51
1030 29 12
704 15 29
769 26 30
205 22 17
236 26 19
1322 27 45
241 1 28
753 11 52
875 11 44
1116 22 2
30 6 53
682 9 11
546 24 48
871 3 37
355 16 42
1297 24 7
1366 31 23
467 18 24
832 3 9
1279 13 9
407 17 27
144 5 9
522 26 28
400 21 47
1162 17 12
518 22 52
724 22 39
176 12 29
59 8 17
1363 23 26
688 19 33
476 29 7
1276 4 41
1110 29 19
1239 8 5
710 14 43
566 19 24
766 7 46
797 3 3
405 30 28
620 7 52
1214 11 47
631 8 30
263 10 37
1276 6 9
171 6 1
1134 14 33
485 8 19
794 9 10
348 21 27
274 11 52
618 10 20
535 9 10
585 25 28
1062 21 47
1237 2 41
1372 3 20
570 11 35
139 23 6
137 17 40
108 30 18
74 16 9
1268 12 53
724 17 19
1191 24 46
152 2 15
276 30 28
608 1 43
872 15 49
616 11 8
1405 7 31
624 16 32
237 29 13
690 19 49
486 12 17
335 21 28
1008 10 41
108 4 44
258 5 11
991 23 13
30 25 37
1212 12 19
88 8 44
1419 20 36
198 9 26
652 5 22
88 27 28
528 25 44
774 28 48
378 29 20
727 9 25
1279 7 20
1093 30 8
893 1 49
785 3 7
175 16 16
53 21 41
48 31 15
659 13 48
315 7 18
1183 5 12
1431 2 31
746 4 18
979 8 36
49 5 30
424 17 4
892 6 48
1158 14 21
363 26 29
950 3 17
458 17 4
33 13 47
1101 10 21
769 13 48
405 9 42
809 3 53
257 15 29
1063 24 19
328 15 8
358 9 10
311 27 34
1390 21 22
403 9 7
916 28 45
453 1 8
748 2 19
710 19 11
423 30 40
258 26 51
693 14 5
745 26 51
737 5 46
1263 9 45
566 30 49
1000 27 50
1426 8 48
345 14 17
81 21 28
22 11 26
586 10 34
1439 14 10
168 9 13
1030 13 40
25 19 50
713 5 2
270 1 29
541 20 33
53 6 4
366 21 30
174 30 50
1090 16 44
986 9 1
60 29 53
665 28 51
757 14 44
121 20 45
891 2 29
204 25 27
500 13 28
843 23 51
1163 22 7
1159 17 2
902 26 37
153 24 39
611 24 49
340 7 18
819 9 3
536 7 5
1408 13 2
1184 25 47
431 24 39
987 6 42
323 19 20
881 25 8
1221 25 38
663 16 50
503 6 47
1324 7 46
485 24 27
1145 18 49
1188 9 44
1373 19 46
226 15 26
706 7 28
714 19 8
1285 29 42
811 9 40
1294 4 21
119 4 22
560 28 27
156 15 28
696 10 46
48 10 37
658 1 32
454 9 48
661 27 29
872 23 16
1242 22 3
1015 3 41
573 23 15
1027 2 31
1055 19 35
940 7 15
790 13 47
1290 28 34
1373 28 9
1120 19 32
837 25 36
348 3 30
105 9 14
1431 20 40
687 23 6
331 29 18
996 25 28
1191 25 29
1331 26 42
502 4 27
946 18 3
1071 10 23
1317 12 18
310 5 52
1428 31 46
1307 8 9
765 5 16
1146 11 5
1298 9 20
1303 7 13
103 14 10
1040 18 42
932 3 9
970 8 18
1001 18 6
467 14 13
173 16 36
459 2 17
1404 11 21
1204 19 44
1416 30 13
754 23 10
1325 5 38
79 2 33
1096 30 25
27 4 50
1003 1 48
840 2 20
1145 31 26
582 30 12
951 2 46
1321 16 51
1200 11 12
138 24 33
565 10 53
495 1 5
1055 10 35
1243 24 20
1348 31 12
16 12 13
302 22 25
195 15 16
110 18 24
606 30 27
613 29 6
814 19 33
1195 25 5
1287 23 32
2 30 30
369 14 14
1196 20 50
51 29 1
261 14 41
811 27 9
1124 1 36
1112 5 18
695 27 20
1271 7 23
1201 28 52
490 27 18
718 26 44
1065 14 15
1391 16 19
286 23 23
789 28 45
621 26 40
950 9 18
78 12 19
332 25 43
836 5 30
1421 10 12
957 20 4
1043 5 33
1410 12 19
1377 22 34
430 28 12
879 9 48
747 15 18
1097 7 16
1239 27 4
784 2 32
999 12 28
126 1 38
378 5 47
171 13 31
384 19 10
933 21 5
1063 13 22
157 20 44
1415 3 26
1121 26 21
585 2 9
779 8 26
1266 15 39
403 25 44
6 11 44
649 23 22
213 28 31
698 3 52
682 20 6
1266 10 26
354 7 20
1096 24 8
1215 7 28
756 31 31
1234 9 42
1335 7 9
82 11 31
593 30 46
445 19 51
112 24 24
961 30 30
1198 30 22
653 2 16
289 17 32
868 30 31
446 5 26
89 29 30
164 20 35
626 21 34
821 10 23
79 17 11
975 25 22
1281 10 48
688 10 22
1249 20 33
905 1 26
1363 20 18
1409 15 15
277 11 53
1421 12 3
1394 9 5
1155 17 22
243 31 7
543 8 4
15 29 9
1005 19 12
604 31 11
1222 20 49
1143 7 30
995 9 7
786 7 8
502 29 37
899 9 37
83 5 16
854 6 21
821 8 10
785 17 41
284 30 23
1405 24 27
590 18 29
119 7 20
974 27 49
1034 28 30
721 18 45
1339 15 12
606 17 39
1145 19 2
1108 29 38
795 2 11
386 17 39
44 30 42
99 31 22
389 8 16
890 3 36
352 5 20
1391 8 8
860 15 5
798 1 32
533 26 22
617 18 25
1324 20 47
454 23 16
276 4 27
215 19 44
828 13 50
624 31 43
1061 29 33
290 14 38
476 7 2
1390 5 20
433 6 51
196 10 2
154 18 10
954 23 43
880 1 1
649 13 3
809 6 42
1299 14 7
784 2 7
879 4 12
541 18 31
174 12 48
1318 21 27
1235 19 18
1177 2 12
882 24 19
994 4 24
1261 26 48
995 5 46
1382 14 45
562 27 49
424 4 7
1287 29 7
602 2 12
343 5 17
1117 13 48
551 26 36
903 8 6
790 30 52
509 9 52
945 28 39
1090 1 6
525 14 43
268 16 1
1274 2 4
439 12 33
1176 22 27
799 31 40
538 27 22
9 31 25
628 20 17
996 19 32
42 7 32
1374 1 30
712 19 8
99 13 31
487 13 52
856 22 45
568 23 40
596 16 13
1403 21 10
550 13 15
768 22 11
145 10 8
168 3 25
1149 4 31
341 21 37
250 31 39
738 26 14
271 5 49
1260 21 45
519 26 45
193 1 50
863 13 31
537 13 3
184 5 3
683 13 8
612 21 48
142 29 45
839 11 14
139 1 25
1332 4 13
285 4 7
1115 12 44
1122 4 53
473 26 16
1204 21 30
655 12 19
351 12 30
709 21 28
512 25 20
160 24 14
1019 22 37
1440 29 36
620 15 3
687 12 24
86 10 20
881 29 18
1117 31 1
112 6 37
991 15 14
1204 11 53
1368 26 49
217 20 43
813 19 46
858 26 5
495 7 38
832 11 9
615 10 15
1179 12 42
1171 20 2
1085 29 22
1342 30 23
1075 31 4
545 9 52
79 21 5
764 15 23
431 29 24
1381 16 18
592 3 13
302 21 16
550 15 42
975 17 40
267 1 25
901 26 24
708 18 51
199 21 29
67 20 34
377 29 42
337 21 38
937 25 3
788 18 2
955 29 2
887 18 22
1346 19 29
1137 6 46
513 2 7
336 7 18
560 21 16
561 8 36
1296 28 6
757 8 26
138 20 8
980 13 12
803 3 13
1235 26 24
1032 8 17
130 8 27
1122 3 9
838 23 50
892 4 26
1411 11 2
902 4 28
17 22 3
239 9 18
1073 8 39
640 26 31
924 5 37
827 11 32
256 17 41
706 23 6
49 29 4
292 11 13
379 2 49
783 2 41
502 31 42
466 25 22
424 14 35
1080 7 18
1118 21 20
309 26 36
815 26 16
565 29 48
666 29 45
213 31 30
579 1 2
600 24 44
1262 28 34
83 13 52
868 29 52
910 11 7
630 19 9
638 11 15
896 7 5
383 15 32
355 4 51
1286 4 12
1149 2 7
697 16 6
29 14 33
56 25 38
224 3 31
1416 15 37
93 28 30
1376 21 13
1196 13 29
708 13 18
184 28 6
1428 25 35
1069 11 36
1402 1 20
963 18 51
726 25 14
1269 8 24
1247 14 13
929 30 28
666 9 36
592 21 18
1026 26 38
584 12 32
379 8 1
1386 31 42
985 10 43
362 11 30
690 15 40
415 5 7
510 30 17
1211 31 50
888 21 28
772 15 18
1226 31 21
458 4 1
237 29 38
859 2 11
660 23 31
588 1 51
421 1 5
824 5 50
258 2 19
896 15 4
1114 7 52
899 10 12
1381 7 35
997 8 2
181 29 18
983 26 28
1080 9 50
555 21 47
1032 3 10
280 22 31
1049 21 38
333 16 13
266 25 43
108 31 42
24 26 36
1323 5 40
153 21 26
170 12 51
547 16 50
774 16 45
3 4 51
54 18 38
1167 11 23
577 6 18
761 5 20
826 6 45
579 29 13
1218 31 13
69 27 46
87 18 23
1193 28 34
206 3 18
618 1 19
372 18 49
1314 1 33
380 6 40
992 19 31
752 6 32
648 28 12
392 9 3
1237 22 16
750 14 5
1003 14 46
1192 14 33
551 28 10
650 10 33
835 25 48
1131 8 33
1041 15 16
134 14 52
602 20 49
335 8 19
988 17 42
112 7 46
65 15 6
1329 2 39
896 25 32
823 31 5
1034 17 18
1243 19 28
165 25 18
983 5 8
1225 12 52
361 27 4
181 6 10
272 23 5
1355 25 41
1057 17 25
1003 27 48
876 21 1
12 22 52
1017 4 48
863 19 29
129 1 50
949 6 46
998 16 36
491 31 20
402 30 46
1119 13 38
554 24 53
436 12 31
332 6 52
571 16 37
245 15 19
948 9 2
981 1 47
296 14 16
369 13 51
1064 6 32
1283 17 40
814 23 13
1149 21 25
707 5 52
239 30 27
746 28 13
1311 9 45
761 6 33
918 30 40
78 26 48
466 21 28
862 10 24
830 20 23
612 21 36
20 24 18
305 8 21
50 19 53
477 16 27
1012 13 17
402 23 16
420 7 21
1349 3 5
347 28 27
1354 10 25
1206 1 16
142 10 42
1396 16 24
634 4 20
901 20 20
609 6 19
761 25 27
643 17 44
1081 5 35
586 20 24
677 23 22
470 17 36
1035 9 9
400 1 37
102 16 50
701 3 36
1237 2 18
967 13 10
921 20 43
463 22 1
289 6 39
1132 5 27
33 7 12
266 31 3
640 8 1
1130 6 44
884 4 37
795 12 32
1138 22 44
111 6 19
1281 2 45
1241 13 31
799 26 28
1023 24 41
1020 17 44
38 20 1
781 19 12
531 1 41
384 11 10
635 25 42
660 25 50
1390 31 34
1412 24 44
856 13 12
336 22 27
323 3 28
592 17 6
773 10 37
1032 11 22
504 19 14
818 11 15
821 19 36
930 31 40
250 9 4
1286 24 47
83 3 43
233 9 53
1186 17 41
486 16 4
134 6 35
479 9 14
134 1 9
449 15 10
1261 14 43
799 26 20
1052 12 52
1249 12 7
1248 11 21
1403 27 15
1247 4 38
634 12 43
1259 21 46
737 27 38
232 13 29
631 10 1
759 6 11
93 8 32
500 6 17
1384 11 1
1319 31 39
1282 22 38
825 28 9
99 26 30
1429 15 41
544 11 36
688 25 33
1193 19 16
686 6 23
278 3 43
94 6 32
988 3 3
811 21 25
980 11 51
617 21 29
340 22 14
258 31 36
1384 13 27
153 31 21
78 16 11
1324 27 38
367 19 51
203 11 5
153 13 16
1211 31 23
921 9 46
32 4 28
949 1 24
351 10 48
667 15 4
305 11 15
1338 24 13
526 24 31
1290 27 47
575 16 11
821 20 40
1079 3 42
52 20 16
391 10 45
860 23 19
1371 1 47
1028 20 10
350 25 36
107 3 2
488 16 52
1413 22 1
163 31 7
1267 23 8
32 16 41
1143 9 21
251 14 23
1099 26 17
1116 26 32
517 17 3
94 10 46
57 5 51
977 18 1
325 13 35
1023 22 2
1146 28 40
41 12 23
836 30 17
1387 27 38
846 22 35
1296 17 39
356 8 3
872 13 41
1226 6 44
1412 14 49
871 20 41
759 13 21
41 13 8
726 1 8
446 15 7
379 9 25
1076 13 36
878 11 6
542 6 3
1309 21 14
1119 19 19
1198 6 53
304 16 48
224 14 52
1001 4 47
9 7 36
1220 22 16
902 14 36
1076 1 20
790 10 6
703 23 4
659 31 31
373 26 12
836 4 44
117 22 24
1154 7 3
483 22 6
833 16 49
15 23 12
574 19 16
701 15 51
787 27 19
970 31 42
140 29 44
977 5 21
694 27 3
813 29 1
1338 27 5
722 13 43
782 22 9
176 23 19
405 1 41
646 18 44
388 19 23
537 19 3
684 4 25
355 22 13
504 4 47
505 6 37
191 1 40
500 6 16
1433 21 26
171 8 12
821 13 17
1337 24 13
302 28 28
167 24 49
594 6 32
771 25 13
1434 3 43
24 25 46
1246 20 5
794 16 38
218 22 50
1243 5 32
909 30 50
1287 23 7
1390 15 47
946 28 7
554 26 42
94 23 4
1020 9 8
1378 13 33
1267 2 53
979 19 50
1437 3 41
619 9 15
892 3 44
39 19 15
1091 10 13
422 26 47
489 4 36
473 25 32
3 8 27
118 31 14
475 11 25
1311 25 20
201 1 51
46 19 22
858 15 20
593 27 8
1100 29 39
505 7 19
219 17 43
135 12 19
25 13 19
924 10 11
1108 28 15
614 12 53
827 20 42
204 14 24
1385 7 50
491 1 28
444 19 5
1360 3 18
1354 16 17
829 19 1
1171 31 50
90 31 33
1005 4 14
76 2 29
446 8 13
663 15 39
814 29 38
573 3 36
329 9 33
132 30 29
1348 4 12
1306 18 50
1293 16 48
1287 28 8
1005 18 34
1357 5 7
1377 30 6
608 27 31
777 18 40
1087 1 43
634 25 29
18 13 3
793 24 5
963 19 38
945 1 44
659 30 50
1260 26 35
704 28 11
1130 23 5
959 8 2
309 29 5
1263 5 23
1040 10 38
1252 10 51
557 18 26
850 15 22
387 1 26
737 9 37
1361 28 22
432 2 47
336 26 4
848 27 34
757 1 16
1018 31 40
260 16 51
619 30 52
1413 29 21
936 5 15
152 9 25
1377 16 16
763 4 22
1107 10 44
52 9 25
468 22 3
1254 9 7
4 13 38
704 12 53
7 4 3
680 18 13
1163 17 4
397 11 25
1183 12 47
728 31 4
447 13 22
670 25 30
1433 18 51
770 3 37
329 20 26
23 25 49
401 3 44
735 22 24
526 7 19
1110 5 4
16 17 32
1172 4 31
1020 20 51
1248 18 6
628 12 9
1286 13 45
424 6 6
1361 5 46
494 4 49
1408 23 16
1314 7 53
1101 19 5
237 17 2
495 20 27
1086 5 8
571 27 4
912 3 6
479 15 20
1147 16 5
877 10 19
661 2 29
707 16 18
373 30 12
386 31 14
407 4 20
1380 29 38
853 29 24
763 9 30
1017 2 6
771 14 32
1428 2 16
57 27 37
837 11 38
1020 19 5
1292 31 31
393 25 10
456 24 28
1297 4 16
1355 29 47
1140 4 43
273 8 21
549 3 8
289 12 52
299 29 15
1382 6 1
546 21 34
312 1 3
911 13 8
838 31 20
1073 16 4
886 1 25
525 1 17
124 6 31
657 7 23
850 17 37
681 7 24
1211 16 27
1188 11 20
1076 5 12
228 4 52
1131 20 14
1326 13 30
211 6 6
1304 16 30
1129 2 34
826 31 7
3 21 21
628 2 5
1291 3 46
884 26 4
382 31 50
162 7 29
437 9 11
211 23 45
1041 13 4
193 17 35
69 14 9
1126 16 36
217 17 31
1297 15 49
732 21 33
913 24 43
946 12 18
552 31 49
287 1 7
20 21 45
1019 6 18
1048 27 41
1115 30 32
151 28 2
810 17 13
707 8 53
617 28 49
872 9 41
751 29 46
595 11 42
456 20 19
773 27 5
636 11 10
690 12 38
736 18 44
227 27 28
974 30 35
1086 18 47
1078 25 42
666 11 22
361 11 24
379 6 3
1141 17 50
848 14 45
364 26 25
415 26 34
639 15 20
1068 16 24
707 26 48
1219 21 14
695 2 9
277 5 52
1241 30 49
1001 26 29
1082 4 39
1210 17 48
1 12 10
1123 4 47
865 19 35
107 3 52
1030 27 32
218 16 30
797 15 36
389 4 39
63 24 23
886 20 2
180 3 33
553 8 14
619 28 19
87 27 26
1230 2 12
1143 16 18
671 28 7
1380 4 5
247 24 28
822 16 13
1392 30 27
1205 6 31
544 30 13
667 16 12
1106 20 42
1290 13 16
1136 7 4
584 24 16
1338 26 17
35 25 10
390 3 2
936 17 7
4 31 4
1115 1 38
501 27 11
349 15 28
717 25 16
1343 29 8
956 9 34
770 1 1
210 19 33
1361 18 50
993 3 2
562 19 23
911 29 23
744 9 17
82 22 8
697 19 36
1085 12 33
962 25 4
125 20 30
147 22 49
682 9 37
455 14 14
408 10 35
430 12 17
373 6 28
1210 26 40
859 18 41
1007 4 17
1075 19 23
976 25 27
28 31 30
1272 11 37
511 22 1
520 24 9
1085 4 44
631 22 29
754 14 11
1159 6 44
795 8 41
1010 9 35
528 20 22
321 25 16
797 27 45
1419 16 41
547 14 22
618 30 3
83 9 41
48 21 1
377 23 51
225 17 32
1207 6 7
1289 21 49
1353 14 29
1268 1 20
464 7 20
585 1 49
38 31 48
217 18 48
290 29 1
1182 13 22
518 29 25
230 28 45
15 7 43
608 23 39
631 22 36
531 22 32
685 19 19
1006 2 46
295 13 46
55 12 25
583 27 28
1151 28 29
1285 2 48
716 29 46
1313 19 13
885 21 2
427 12 25
839 2 29
726 30 36
1058 11 30
1417 25 1
495 7 32
1243 24 27
991 7 7
137 23 49
464 15 19
424 18 34
1285 28 32
323 19 31
353 18 48
109 27 52
442 2 6
1141 10 34
856 14 37
785 23 44
479 31 5
1068 15 35
116 30 1
1088 2 27
1384 1 20
21 7 20
1299 14 52
585 9 2
527 3 47
1214 27 13
275 29 30
240 12 43
475 17 47
846 8 32
1156 25 3
1420 11 19
1246 19 51
1167 23 49
128 17 3
1336 15 14
155 8 23
1405 10 16
953 12 4
953 24 16
110 12 39
854 25 32
240 11 47
1141 24 41
479 5 6
231 24 45
51 18 17
1229 7 10
894 18 37
75 17 4
1055 10 40
1417 21 26
1375 14 2
395 7 41
945 5 51
1130 19 28
1279 5 17
821 15 14
179 20 25
1194 4 32
547 26 7
1251 12 8
1335 20 31
1376 28 15
1222 5 42
1421 20 2
1009 17 42
1232 13 25
56 23 16
684 2 6
1186 5 24
205 16 6
1105 11 2
854 11 35
592 14 2
792 19 30
1141 26 42
1190 1 33
384 27 32
319 3 7
1377 9 14
643 14 10
503 12 30
990 16 53
1279 12 27
946 29 47
1146 22 15
1356 5 12
1258 27 4
610 23 32
774 1 1
625 30 4
591 12 18
1440 18 36
1297 15 12
1101 9 44
298 7 45
14 13 31
463 1 23
1378 12 3
495 16 14
167 21 48
1026 12 20
33 22 33
173 24 3
737 1 51
1101 31 8
76 27 21
1088 4 40
678 31 27
232 12 50
1341 1 21
376 26 2
1345 7 15
303 17 51
374 1 3
791 3 5
740 30 3
525 23 49
462 15 2
747 9 37
948 26 43
138 27 24
878 7 29
334 17 42
443 19 13
739 27 29
1114 22 35
599 27 2
644 2 17
793 28 21
1200 25 35
243 6 19
1293 7 20
929 11 15
785 13 49
505 21 18
495 17 14
835 16 11
428 7 51
471 6 23
370 17 25
349 11 39
78 7 12
409 1 20
911 15 11
685 29 10
606 8 30
964 15 38
390 22 23
392 23 3
1366 24 47
666 17 40
1054 7 26
912 7 41
295 2 4
477 22 20
592 11 28
1381 21 6
1173 12 12
1268 7 22
398 7 38
575 26 31
704 29 47
507 2 14
729 31 11
449 19 10
555 24 10
1414 8 45
622 3 24
159 31 41
1274 29 30
852 7 32
465 20 42
480 30 25
1385 26 30
1394 1 32
151 2 26
1036 9 53
1238 20 2
258 26 22
247 3 42
204 16 50
1298 12 13
345 4 46
727 25 39
322 12 1
1368 7 23
440 12 39
1000 20 5
1172 4 28
964 20 4
978 23 10
1136 16 17
438 2 49
1416 16 10
174 14 25
112 13 11
1047 10 7
183 16 31
471 19 27
90 31 28
835 14 12
893 21 6
142 3 8
177 3 18
967 25 53
173 3 41
1278 18 1
617 15 28
696 17 31
378 29 47
637 26 32
1067 15 41
6 2 24
425 13 48
460 3 37
970 29 23
617 5 4
726 11 41
1018 10 19
882 16 37
272 25 47
785 25 28
1379 25 5
78 6 52
1160 21 12
486 22 13
152 18 11
364 25 44
550 13 52
705 31 41
420 17 13
1394 9 13
279 30 2
137 22 51
194 20 24
338 12 42
85 29 10
799 9 19
252 4 33
514 7 46
478 16 14
385 12 42
872 1 50
932 28 8
507 20 13
808 11 1
1196 28 52
1187 7 9
1323 9 19
53 25 1
149 31 50
418 1 30
324 10 27
305 20 41
1357 22 45
497 2 27
1154 22 48
208 9 15
125 23 14
44 4 1
1063 8 33
292 7 32
965 16 18
434 13 14
1360 10 47
848 20 53
859 9 41
1397 28 2
1319 24 1
968 23 13
358 28 33
817 18 17
1431 10 5
827 22 3
397 27 50
1422 26 33
865 23 7
1415 19 28
588 11 15
10 1 18
1152 24 49
993 16 19
959 17 2
107 21 6
356 21 25
272 11 6
1287 26 39
908 27 49
1363 3 11
386 4 22
504 5 52
1114 25 29
240 5 34
465 30 2
163 5 2
834 16 49
364 6 42
1022 7 7
1063 12 4
1059 18 48
1324 6 3
1284 31 17
366 24 36
1088 25 19
1076 3 44
1209 24 16
346 2 43
316 12 36
1048 30 24
839 13 33
232 14 9
546 30 39
1012 7 30
1281 29 41
1364 15 53
637 14 9
1068 11 6
620 21 3
510 13 52
1354 11 31
807 12 42
634 1 43
252 29 5
98 5 51
1325 28 36
415 15 11
1204 29 48
903 31 41
302 7 49
973 4 3
278 27 47
982 11 5
581 11 32
900 25 13
347 21 49
1003 24 29
796 25 33
305 3 22
867 2 16
894 27 42
233 6 49
327 28 39
1196 30 1
995 28 17
1114 1 30
451 24 39
342 27 28
66 2 25
174 23 26
461 27 23
890 21 35
1390 6 53
1329 2 21
1312 31 23
1006 4 43
854 26 33
867 10 49
77 11 44
630 22 4
180 1 8
1416 16 51
1418 2 16
560 5 23
782 26 26
489 21 1
580 16 35
676 27 49
278 2 36
1041 7 51
379 25 1
520 28 27
146 2 44
1209 1 11
1061 30 4
878 9 30
203 5 21
1278 6 8
573 16 44
765 17 5
315 22 44
596 27 48
678 19 29
979 8 40
1276 22 48
958 19 48
1430 21 3
308 7 51
687 26 47
868 15 13
387 5 6
1416 20 29
271 3 1
771 25 26
1422 13 20
1242 9 14
665 9 19
5 24 12
578 16 16
898 19 48
1345 3 48
841 25 4
1208 1 22
1402 8 40
817 3 13
54 13 48
1367 12 45
644 7 11
448 26 39
79 22 30
43 31 52
1103 12 29
1015 26 8
1240 23 45
390 22 16
1369 15 17
539 28 18
853 17 16
1354 30 24
100 4 2
221 3 5
594 13 2
1078 16 33
1163 16 22
362 25 11
83 1 49
956 26 22
1307 5 24
553 19 38
65 4 29
1027 28 38
660 15 5
678 26 36
359 1 25
424 14 38
990 11 44
989 18 21
1079 15 40
371 11 41
246 4 5
1283 7 42
72 1 8
460 20 8
786 7 27
391 19 15
1003 4 17
518 5 50
1310 30 1
590 8 45
1347 26 2
832 13 14
563 14 47
1420 19 29
858 2 47
1359 31 8
1105 4 24
259 17 39
870 4 51
869 18 44
66 2 28
222 26 42
928 23 22
49 21 51
879 20 49
1201 11 16
210 13 18
598 10 14
1302 29 39
662 6 22
1053 15 16
830 28 53
279 27 51
6 18 7
217 8 49
261 22 19
377 16 53
482 8 39
101 28 5
279 14 51
151 20 41
1118 1 16
929 5 49
1142 28 43
1000 10 45
1129 9 42
1413 14 45
771 19 45
29 28 17
548 13 2
574 9 23
695 16 45
491 4 18
118 7 34
240 1 39
375 5 48
487 22 6
463 12 18
37 24 20
977 16 44
439 27 19
1004 29 12
503 24 2
486 10 20
827 1 21
826 18 42
515 3 10
955 28 13
770 29 26
844 27 31
868 17 16
1348 3 26
715 3 12
66 25 46
1107 13 4
1210 30 14
474 9 52
1244 5 32
1201 31 47
194 25 3
540 4 14
1353 28 37
1168 20 38
1314 2 50
319 8 28
1412 24 39
1172 20 31
741 31 17
1013 17 31
1184 6 10
496 10 51
1084 29 10
999 25 29
1191 12 4
1394 20 15
1329 8 31
1193 6 7
429 4 11
935 22 42
639 30 1
562 24 27
213 1 2
1367 17 37
1048 13 5
1344 13 45
546 21 24
35 19 1
1140 23 46
538 8 50
342 21 2
452 8 8
240 19 28
357 23 4
139 5 21
705 11 40
835 12 52
779 30 27
1380 10 53
1285 8 50
1203 1 3
548 5 32
3 5 10
793 5 26
717 1 50
751 24 53
263 10 8
1350 9 45
295 21 34
500 9 52
1409 3 25
33 22 15
69 24 40
722 14 50
1167 31 45
1102 16 13
968 31 3
406 11 46
197 31 45
1316 5 50
834 1 16
701 17 12
160 22 33
1333 15 11
299 9 12
677 21 6
909 29 1
832 29 42
706 13 2
861 8 36
1142 13 29
929 4 16
1184 13 43
672 10 32
289 8 47
1363 24 16
642 3 33
742 20 46
198 28 14
422 28 51
830 27 8
1245 30 40
994 1 30
1361 11 50
271 6 51
1361 5 22
461 16 41
720 26 15
23 7 43
1283 21 50
785 30 5
1215 9 23
1119 26 6
793 12 23
1291 7 6
36 29 36
809 19 47
757 6 5
1332 26 23
107 15 26
85 12 40
1114 17 2
1381 10 27
233 2 34
1060 11 38
151 27 13
483 17 53
946 3 41
663 23 14
705 23 33
1159 17 7
10 24 5
131 20 41
1360 19 42
1345 22 6
1037 7 10
537 3 2
1431 6 36
544 9 18
595 1 49
1224 17 16
893 8 41
865 14 41
323 28 45
770 1 45
1246 14 23
1167 29 1
392 3 38
1408 2 53
311 28 50
373 30 30
1 17 44
71 8 23
561 23 7
393 22 36
1153 24 6
720 29 19
148 20 29
665 13 7
873 8 49
932 20 11
554 21 32
230 19 4
270 12 8
615 24 17
466 6 10
203 27 12
1192 14 37
451 2 11
1118 6 42
538 6 11
311 14 53
182 4 12
206 12 40
312 22 4
1388 17 29
982 27 20
1061 16 49
119 15 8
380 13 19
215 28 8
12 4 22
1141 20 49
39 17 7
1367 28 15
98 26 14
526 14 26
712 26 36
23 24 47
479 11 2
911 26 17
857 19 35
828 12 20
1365 20 7
839 13 42
1 14 25
52 30 44
537 11 22
204 23 20
1033 7 12
73 14 13
809 10 11
1427 7 40
652 29 28
404 13 50
601 26 6
1018 29 16
389 23 27
1405 20 9
140 16 14
1258 20 12
267 28 46
1440 4 48
876 23 20
1360 19 31
582 22 50
587 22 19
910 10 51
461 15 44
338 25 11
893 14 48
728 3 18
316 4 49
1054 8 28
830 8 8
223 12 27
662 9 42
79 21 13
1080 4 15
319 6 32
562 24 33
152 29 15
468 10 25
577 2 12
836 25 22
1370 17 3
792 30 11
1161 1 36
389 23 7
652 14 37
1173 6 35
141 19 32
597 26 27
430 17 25
179 12 53
801 11 26
1327 12 8
933 15 34
798 11 22
880 10 21
1302 24 12
389 19 23
260 2 41
493 16 16
556 6 24
191 23 5
1289 20 31
379 29 19
680 2 46
189 30 29
206 23 27
697 15 34
687 17 16
549 22 2
1030 15 10
1030 13 16
1440 26 33
1373 16 30
260 29 52
446 11 3
21 22 12
384 13 30
101 3 16
606 22 46
54 10 37
184 1 12
56 23 30
815 8 50
1419 1 7
793 1 28
620 6 29
204 4 51
857 18 17
1142 30 29
198 12 21
534 21 23
472 19 49
129 16 38
566 18 19
1436 4 52
1288 8 43
575 17 8
1373 4 37
115 21 37
1056 8 13
656 2 26
20 10 52
69 28 27
1396 26 20
1400 30 28
882 23 47
1400 5 39
1125 2 34
699 16 6
695 16 29
68 17 41
1205 15 45
766 24 53
553 16 3
35 19 30
1399 3 28
1169 20 53
115 8 31
1005 10 12
812 3 14
1058 27 19
208 12 43
999 15 16
5 17 41
629 30 21
1126 30 8
1134 5 4
487 6 7
669 19 31
1056 30 31
50 17 8
937 13 31
871 1 44
267 28 30
263 14 9
1002 1 20
1231 27 5
389 22 34
841 17 46
1329 25 15
483 23 26
1231 18 16
629 17 32
586 26 30
632 14 44
593 8 9
740 27 31
1190 22 39
185 31 10
559 3 41
1139 14 20
4 28 43
722 8 8
703 25 16
839 8 36
22 27 30
7 14 17
107 11 28
7 23 3
993 14 35
114 15 10
776 9 2
532 24 21
183 21 2
863 7 42
673 4 43
838 19 37
553 27 1
199 19 44
1230 12 14
531 24 27
1341 19 48
1248 6 47
402 2 8
89 4 47
408 26 18
1384 8 49
1226 19 31
622 2 41
441 18 37
180 3 37
1156 5 5
1361 25 42
145 19 10
921 4 51
79 21 43
1155 25 8
1268 9 48
1009 7 53
425 29 37
1142 24 36
1238 4 4
571 24 49
437 11 7
1212 18 10
60 15 4
406 20 28
1332 7 11
1346 8 43
458 23 1
896 20 1
27 29 46
39 19 23
810 26 50
427 24 15
346 22 4
610 1 43
196 11 17
873 19 48
74 28 16
38 25 51
768 4 19
1390 2 43
381 5 21
75 4 31
1355 19 49
367 7 14
587 11 8
534 10 32
964 10 19
543 14 23
1060 18 46
1279 9 15
283 1 15
599 1 21
1182 26 1
603 18 20
687 22 34
1205 23 30
120 26 21
1150 10 39
519 9 28
1316 12 23
152 11 36
956 29 18
126 28 5
977 29 25
1088 25 45
548 24 24
487 10 26
663 3 2
1382 20 38
664 12 23
1329 27 4
710 29 41
57 9 22
60 5 48
33 19 8
863 27 15
1287 17 21
23 30 39
79 27 1
667 11 45
865 12 45
123 15 36
1099 1 10
231 13 24
384 11 38
1083 3 24
942 21 24
838 22 31
11 11 45
7 24 9
1289 22 14
459 9 33
319 24 19
911 16 25
618 25 39
997 3 33
624 10 9
1383 26 6
864 29 33
288 27 34
860 19 20
979 14 50
1231 8 32
295 27 17
329 28 41
1405 3 44
1325 7 45
1299 18 43
1043 20 7
84 12 44
451 17 33
1222 8 30
1115 30 44
867 22 48
120 21 26
958 21 47
1210 26 29
98 2 30
1313 13 31
897 12 20
397 29 34
1128 11 32
1113 10 30
231 12 20
1309 13 26
1228 7 49
417 4 44
1397 25 7
1127 30 33
143 20 18
355 11 9
1043 12 32
323 24 51
892 11 17
1250 28 36
258 20 41
1264 11 5
611 2 13
652 9 26
831 29 34
630 10 53
1029 23 8
245 22 47
677 2 29
836 21 43
544 26 25
645 22 12
96 3 15
891 12 51
1265 21 9
71 8 10
495 13 32
1035 24 19
1112 2 18
491 30 41
470 13 42
509 5 31
307 12 26
813 11 8
1310 28 37
623 12 24
1214 30 48
180 15 1
394 21 10
780 8 44
1138 19 40
390 11 52
955 19 2
1177 26 26
1222 21 43
322 20 22
311 19 1
876 6 52
732 24 45
244 28 11
1345 8 9
1379 17 19
145 28 41
589 5 27
317 19 12
19 25 26
1054 31 32
482 12 44
665 24 25
33 19 50
506 5 45
97 22 43
1165 27 35
325 16 17
268 5 34
472 23 6
1131 6 13
331 9 25
1388 27 5
945 4 20
476 28 34
43 5 3
1361 11 29
23 18 44
1087 5 28
369 26 23
693 30 46
1096 21 38
703 5 45
38 29 24
1329 16 20
228 30 8
1049 16 19
696 31 15
1059 1 36
1024 22 15
966 14 20
354 2 27
931 4 19
1253 29 41
1432 19 10
91 23 33
1264 15 7
620 30 45
235 9 50
565 16 9
381 4 4
1409 8 43
1404 21 7
443 24 52
527 5 33
927 26 33
729 14 16
1386 8 34
325 22 11
214 22 44
933 11 38
273 19 7
372 2 22
483 21 41
1094 28 13
1385 6 22
1085 2 33
1432 27 7
816 16 30
1412 11 20
1216 20 19
698 26 13
418 31 32
620 18 2
793 15 22
240 11 46
846 31 47
809 22 11
522 14 50
520 22 31
591 8 30
1425 7 49
1042 27 48
943 1 41
850 26 46
223 17 31
1014 26 39
476 13 25
1151 10 15
73 17 26
625 21 1
1284 6 4
534 30 33
870 5 43
1384 7 4
1105 1 3
1158 9 48
78 24 49
376 10 26
571 2 53
968 13 46
760 11 43
299 26 2
1211 5 17
533 6 43
372 23 38
292 2 36
1347 7 8
912 29 43
214 23 7
1377 9 39
996 30 19
1076 3 37
1437 10 14
81 23 24
837 6 8
91 13 30
1024 31 42
317 20 22
981 17 27
1439 22 11
1414 12 8
626 26 20
1112 15 1
695 25 31
1111 25 11
1156 18 23
5 29 38
216 10 24
1038 11 24
338 12 38
731 20 29
139 12 36
152 19 24
994 6 31
1179 23 27
110 1 8
215 27 53
672 21 30
1419 24 44
104 24 41
520 16 23
336 30 30
1325 26 49
481 8 42
566 25 22
795 30 30
791 24 4
454 22 25
714 15 34
414 26 9
129 10 31
611 11 10
424 27 17
617 25 45
1040 25 31
396 31 32
235 20 33
558 18 52
1345 12 22
759 10 30
932 6 21
1376 18 43
1233 24 30
650 9 53
232 22 34
327 13 26
428 17 29
933 9 27
880 18 21
1170 26 38
713 1 15
1386 18 22
362 30 8
1217 25 18
1378 31 50
827 17 9
1371 15 48
615 6 13
652 4 8
1212 23 4
1110 8 19
505 1 43
89 11 53
476 1 12
553 30 30
716 18 41
125 20 25
1136 4 53
1027 10 49
1225 27 52
1036 2 29
1002 8 18
5 2 30
145 24 13
46 20 4
348 29 33
282 17 9
1317 22 21
739 13 22
413 31 53
123 17 37
497 22 3
477 16 38
1391 12 48
188 7 8
411 13 52
271 3 8
1385 21 36
459 12 51
462 5 3
284 7 15
1 18 8
144 9 43
27 18 15
1065 17 42
308 22 49
199 12 25
1270 15 27
628 22 2
1375 9 40
801 13 48
483 9 16
698 21 12
1004 4 12
8 19 4
555 3 28
352 14 8
767 5 7
746 10 53
1437 3 42
1020 10 41
1316 15 43
349 29 31
186 16 10
1087 31 20
221 31 43
256 23 47
36 28 13
857 8 45
128 9 34
1062 22 33
634 27 42
610 23 43
134 22 4
654 24 35
39 13 14
63 10 27
1116 9 24
191 24 52
651 13 21
281 21 46
1016 23 45
996 4 38
240 25 32
1385 25 38
1003 21 35
18 26 35
408 16 46
718 7 11
868 10 3
821 3 29
855 29 13
865 20 12
176 8 8
831 31 2
1181 20 1
673 20 44
635 30 7
623 11 2
1270 10 10
1369 18 35
300 4 41
551 4 30
713 6 38
1353 3 2
1420 10 13
574 1 36
510 5 17
1031 22 49
1403 22 27
589 15 31
282 5 28
1245 13 51
1099 25 49
1140 8 49
49 22 41
540 18 9
1019 18 20
288 26 44
651 7 18
1209 15 3
550 5 34
1081 4 53
800 18 45
132 8 5
1052 6 32
710 17 31
1229 9 24
1241 22 41
821 31 22
953 20 4
1069 4 7
509 16 28
299 11 38
498 19 41
211 25 13
734 20 1
48 9 38
1068 18 42
1129 16 9
1161 8 29
310 26 22
799 21 6
1330 19 23
97 19 27
1369 27 35
814 17 34
1374 16 16
1258 4 12
101 24 39
916 6 15
1245 18 12
875 8 45
1068 20 10
222 6 49
1336 7 43
790 24 32
1144 12 1
961 21 4
722 6 25
177 3 8
1292 4 52
895 25 33
546 12 33
1158 15 5
169 28 47
632 4 42
215 24 31
570 16 32
281 18 20
1345 31 19
570 17 34
1302 30 20
1327 28 19
987 21 13
514 23 39
715 16 39
804 21 23
670 10 15
1035 27 3
1324 7 29
592 1 3
369 7 53
1426 25 52
514 14 19
824 29 49
943 25 12
1390 24 16
806 5 45
772 15 27
1299 9 5
1337 4 29
1181 15 40
1107 17 49
365 5 31
892 17 40
616 25 46
185 13 47
448 18 48
480 26 4
698 10 7
312 23 35
831 31 17
679 10 7
28 1 15
125 11 19
329 31 52
731 21 32
1276 25 18
999 31 51
1014 1 42
15 18 28
1006 10 29
720 30 28
644 11 39
966 20 32
456 3 24
915 26 29
1386 17 49
1185 14 30
322 10 11
883 7 46
586 6 10
1301 7 49
648 12 16
578 25 6
887 11 38
1235 13 51
1190 11 20
287 6 46
613 14 1
891 20 4
1077 1 18
987 14 15
656 30 24
307 3 50
381 21 1
1181 12 5
883 19 5
869 26 53
272 19 17
1340 11 12
1429 5 45
1287 26 13
321 22 31
1291 4 51
1416 30 18
1041 27 22
1165 17 34
1076 31 46
1236 27 21
1099 7 45
825 3 30
658 15 7
693 28 19
1226 22 4
777 6 6
229 15 37
73 26 3
522 6 34
878 3 34
1432 2 9
252 9 13
628 31 41
1330 20 29
1087 9 48
162 26 29
926 17 18
814 5 49
630 12 47
381 30 42
1374 26 21
222 12 44
415 10 17
1366 15 11
1221 17 12
207 21 33
816 30 34
345 25 43
431 6 6
1067 1 23
207 13 1
694 13 42
861 31 20
856 26 5
1355 27 26
25 1 30
404 8 35
477 1 24
725 30 34
254 13 37
732 29 33
57 18 16
765 16 38
1232 12 34
815 16 22
1000 31 13
378 30 8
635 22 42
508 14 53
1407 16 34
1344 21 14
198 6 32
167 21 32
1217 9 47
618 3 34
898 22 28
167 6 24
304 14 33
249 15 33
1305 7 47
316 14 2
1028 17 20
83 20 10
393 2 11
394 6 36
654 10 19
913 16 53
217 22 33
488 28 18
782 9 7
1088 27 31
1208 4 3
684 4 26
1027 1 36
268 1 24
757 7 36
1018 4 43
411 26 37
855 21 25
390 8 28
43 1 47
1127 20 42
419 24 25
496 3 21
245 23 37
1152 4 39
688 11 9
381 8 39
1237 23 45
714 4 46
904 3 53
29 13 38
730 25 1
1369 19 32
1387 15 42
560 23 50
1243 30 2
630 1 24
333 4 18
1293 28 8
622 24 29
1413 31 18
862 19 15
1125 8 11
131 15 32
215 11 38
996 9 16
1166 26 2
1417 24 15
118 26 38
486 17 16
1219 9 16
494 14 24
657 8 6
1377 24 31
316 20 35
1210 30 29
183 16 10
543 17 32
1297 28 40
963 5 31
855 19 38
1321 23 25
1340 19 9
402 8 52
720 6 21
866 23 21
554 8 41
827 12 3
518 22 42
832 9 26
719 27 44
831 1 29
1057 29 16
452 13 50
53 3 30
870 13 11
1316 28 23
196 25 37
1085 18 23
1025 7 29
1160 16 22
1163 4 31
535 1 2
696 30 41
1060 31 33
797 22 40
462 27 45
1056 19 1
1138 18 39
629 3 6
1013 9 15
1035 10 30
341 22 35
968 5 36
909 26 27
921 28 12
267 23 51
344 25 2
1152 1 2
1124 14 40
161 29 22
1113 21 37
1159 14 7
150 23 35
1155 30 50
146 22 49
141 17 20
545 22 37
714 27 31
35 6 53
163 15 11
1094 21 3
661 10 2
315 19 16
41 17 51
1110 20 14
676 26 44
354 17 40
1006 10 13
1253 13 35
908 18 28
126 3 41
122 4 13
1317 26 3
624 21 17
795 7 4
64 31 50
557 4 43
279 17 45
570 10 51
983 22 52
1342 24 7
1072 25 19
1168 4 19
882 20 2
965 25 49
394 27 30
949 17 37
1089 13 11
256 10 38
493 30 15
1289 13 34
212 19 40
810 24 25
900 30 17
1187 30 16
223 20 27
696 3 47
509 30 21
78 4 13
968 11 38
195 10 15
1130 15 26
1350 9 33
644 4 24
757 19 16
798 5 1
44 24 36
1092 9 45
149 23 5
1249 30 4
1076 18 44
324 27 4
1063 13 52
1286 19 35
86 18 19
1416 6 4
1414 12 30
154 5 8
1264 27 50
404 28 34
766 21 11
688 19 25
982 23 28
826 5 3
621 26 29
631 28 48
618 11 33
1127 27 20
1191 27 14
654 18 15
364 10 39
774 27 1
408 21 22
301 21 42
1349 27 3
1143 20 37
201 18 15
1099 25 2
514 9 11
1405 4 53
983 29 15
953 23 34
335 6 24
1054 29 27
495 5 8
584 16 26
596 7 40
1277 4 18
468 20 50
831 26 1
320 11 50
1138 25 5
1323 29 35
248 5 12
179 13 18
916 2 32
683 6 32
472 2 37
1410 1 7
478 28 39
759 17 17
920 17 48
773 13 25
50 19 18
1180 27 29
830 17 29
365 15 26
408 21 37
809 3 25
1385 5 40
571 28 47
966 30 33
312 12 39
1023 6 14
373 22 50
789 1 40
1282 7 34
1380 22 39
634 28 18
1239 29 27
740 25 7
847 22 15
659 18 52
1315 14 1
47 23 52
145 11 25
729 4 20
619 30 36
321 13 12
153 16 53
1356 6 29
859 31 21
1349 15 18
1198 4 31
1267 20 35
223 21 53
541 29 24
5 4 52
1148 18 31
245 3 26
415 18 27
48 2 47
233 31 52
1006 21 32
1199 4 26
162 13 52
756 31 38
539 7 19
1285 5 37
1342 31 46
8 29 26
1116 12 30
228 21 26
753 29 5
673 13 45
1343 16 1
428 15 4
1170 25 29
951 14 49
1410 2 2
181 8 53
207 12 27
1368 24 46
1179 23 18
1128 16 7
289 5 53
1424 30 35
2 23 45
966 4 26
830 2 14
854 3 43
956 3 50
1414 20 24
1438 19 28
1102 24 43
1361 17 5
512 25 34
996 13 51
651 4 8
1004 12 22
1036 8 42
1341 22 30
1347 2 48
260 17 5
442 4 28
1173 21 48
1182 15 2
1286 14 44
1109 10 45
1201 20 53
1361 26 27
379 6 40
1268 6 9
931 11 48
348 30 31
1208 11 44
357 4 39
1142 22 29
953 21 3
1389 2 8
951 29 14
608 16 6
1306 6 37
1009 12 14
605 19 33
664 16 38
89 31 52
400 4 1
659 11 41
901 20 37
144 27 53
1123 2 51
1047 4 46
283 22 26
396 5 22
519 17 33
453 16 27
1032 15 28
1431 27 11
1234 18 51
1434 13 10
1246 20 23
673 19 16
715 7 53
1401 2 39
1325 26 17
1244 2 9
936 6 33
1223 11 34
1098 20 48
1417 17 36
264 19 36
52 18 37
873 23 38
754 24 28
903 17 51
846 31 9
324 11 8
1256 29 37
523 16 17
608 4 17
767 27 25
202 11 31
467 31 49
357 20 13
647 3 36
363 11 33
513 4 4
1057 25 40
674 24 21
735 5 47
874 17 21
1053 25 52
1238 27 34
183 21 24
797 13 37
840 3 23
1114 3 15
146 30 45
738 2 9
540 23 22
1042 25 48
1116 6 8
406 10 45
1426 23 36
39 24 15
664 25 23
834 13 12
559 9 21
131 27 41
29 12 23
476 10 33
502 3 11
432 26 50
365 17 25
1328 18 22
1212 8 49
1224 30 47
1173 1 25
402 27 40
432 5 44
786 26 52
1033 8 2
1426 2 2
456 31 15
884 10 39
1361 11 7
1397 28 37
76 7 23
347 11 19
346 27 49
245 26 16
1047 12 21
928 31 9
835 16 45
1084 20 33
601 6 17
999 26 16
561 9 52
600 5 9
341 18 28
541 9 30
219 29 8
1090 11 19
1059 8 24
1410 18 44
205 16 30
1157 19 26
42 30 20
369 25 22
487 22 51
762 1 11
630 21 41
1125 14 39
1416 9 17
752 10 31
603 21 26
1212 9 37
1055 29 15
1341 29 42
324 4 21
1395 5 16
1223 21 24
903 17 3
162 20 20
699 24 29
532 29 11
1320 20 8
268 22 21
875 28 24
1042 5 50
1334 6 30
513 20 35
659 25 49
257 3 32
1345 19 21
635 1 49
754 31 33
111 31 53
1289 23 11
1012 9 17
497 13 39
816 27 8
1022 15 24
17 22 21
1154 3 10
758 15 17
195 2 4
1390 19 7
143 11 24
285 8 52
847 30 46
665 16 37
989 27 17
1379 18 2
1285 20 27
205 31 15
1409 16 50
796 10 39
244 3 7
262 18 53
502 23 26
1430 7 12
1190 18 1
557 24 36
1109 9 16
1027 2 50
393 11 19
943 28 20
988 22 45
743 9 23
1322 26 3
9 15 2
966 17 42
472 24 11
576 31 3
510 1 31
433 29 17
1117 21 42
758 11 46
585 29 22
1125 19 28
827 16 22
1384 10 13
1098 13 21
395 19 48
947 2 28
930 25 34
987 27 53
1356 25 34
1317 2 16
1231 8 12
808 7 52
1038 29 53
1228 22 32
696 13 33
1001 11 7
320 3 30
1250 25 13
633 24 4
1161 29 23
1282 25 49
1137 21 36
897 25 27
631 19 8
508 21 18
622 30 3
774 5 16
182 22 31
1436 23 45
90 26 28
942 25 3
141 11 22
464 22 35
37 18 31
1406 25 14
1351 14 3
629 3 10
1082 30 10
946 31 31
39 23 33
332 25 51
684 27 48
1312 18 46
1434 26 25
882 13 4
920 27 49
677 19 48
1157 25 43
553 13 19
834 30 35
757 30 3
1012 19 9
1392 15 30
46 3 47
1269 7 7
783 17 26
1040 14 38
1067 3 13
908 13 51
652 27 46
1185 28 10
722 4 12
138 14 33
705 17 5
285 1 53
361 26 38
1390 31 8
461 11 22
926 2 52
999 17 7
446 26 27
28 13 47
1170 9 20
1019 24 2
122 8 1
839 29 7
418 16 1
1187 25 19
392 18 38
348 16 42
192 28 42
668 13 12
298 16 11
53 30 3
533 15 22
979 2 29
517 17 14
507 5 48
425 21 51
